# NaN NaN NaN ;Mean Elev.(m), Avg Gradient(m/km), RMS Gradient(m/km) - SRTM1     
#   -5.026  -0.698  13.830 ;Mean Elev.(m), Avg Gradient(m/km), RMS Gradient(m/km) - ASTER GDEM
#    6.092  -0.383  17.184 ;Mean Elev.(m), Avg Gradient(m/km), RMS Gradient(m/km) - GMTED2010 
  7  91.085834  73.130413   112.032   112.032  2 52477.58167398  0.865
  8  91.083821  73.145714   115.952   116.119  4 52512.58161913  1.821
  9  91.081200  73.125475   102.925   103.011  6 52547.58165474  8.786
 10  91.079503  73.135487   100.995   100.920  7 52582.58166339  4.570
 11  91.081461  73.142532    99.430    99.458  6 52617.58163746  1.719
 12  91.084986  73.133063   101.922   102.517  4 52652.58161042  0.527
 14  91.079004  73.135296    46.459    44.375  7 52722.58165598  4.724
 16  91.076295  73.127901   102.038   101.353  5 52792.58162864  0.166
 17  91.076433  73.130840    24.880    25.200  5 52827.58169727  9.238
 18  91.070917  73.136386     2.968     3.013  3 52862.58174353 29.934
 19  91.087214  73.135002   117.631   117.500  3 52897.58177258  2.601
 20  91.081977  73.144367    99.257    99.265  6 52932.58172054 12.992
 21  91.078490  73.129381   103.371   102.543  6 52967.58172301  4.024
 22  91.079220  73.134576   102.159   101.748  6 53002.58174895  1.927
 23  91.078319  73.145021    99.986    99.954  6 53037.58169983  1.453
 24  91.091185  73.131026   112.551   112.551  2 53072.58172268  0.358
 25  91.081868  73.146357   108.264   108.264  2 53107.58170060  0.085
 27  91.077213  73.137377   116.434   116.431  6 53177.58175646  3.859
 30  91.081484  73.124100   103.226   103.257  6 53282.58173277 11.624
 31  91.077818  73.135111   101.143   101.270  7 53317.58173727  2.577
 32  91.079703  73.144607    99.388    98.602  6 53352.58170458  1.230
 33  91.089824  73.121085   104.645   104.770  3 53387.58169338  0.507
 38  91.089275  73.132856   103.767   103.654  3 53562.58179596  1.297
 40  91.079919  73.122708   102.141    97.940  7 53632.58172971  9.547
 41  91.077136  73.134027   101.020   100.939  6 53667.58175394  8.495
 42  91.078172  73.143402    97.776    97.826  7 53702.58170100  3.059
 44  91.081267  73.134667   101.765   101.800  5 53772.58161992  0.526
 48  91.077824  73.131813   113.699   114.488  6 53912.58172851  1.931
 49  91.065255  73.141569    97.293    97.293  2 53947.58174546  0.543
 50  91.082723  73.141842   102.947   107.120  3 53982.58168735  1.035
 51  91.078084  73.128660   102.429   102.465  6 54017.58171274  9.488
 52  91.078290  73.139561    99.931    99.967  6 54052.58170971  6.934
 53  91.078888  73.142190    99.545    99.458  6 54087.58170200  4.445
 54  91.083834  73.152416   102.559   103.270  4 54122.58162722  2.807
 55  91.078680  73.136556   101.246   101.361  7 54157.58166314  1.209
 56  91.084339  73.147185   102.645   103.081  4 54192.58162582  1.394
 59  91.078440  73.139181     2.274     2.242  7 54297.58169933 35.272
 60  91.086701  73.138888   117.371   118.043  5 54332.58168924  1.521
 62  91.077654  73.139774    98.810    98.864  7 54402.58163257  5.152
 63  91.082601  73.142735    99.012    99.092  6 54437.58159005  1.076
 67  91.084318  73.145803    97.687    97.600  4 54577.58160410  0.201
 69  91.080091  73.136401   113.823   115.715  6 54647.58162971  5.182
 70  91.065922  73.146575    96.049    96.049  2 54682.58163245  0.384
 71  91.084076  73.145955     3.560     3.635  5 54717.58157974 21.353
 72  91.079821  73.133054   100.290    99.981  6 54752.58160206 10.263
 73  91.083036  73.142605    99.801    99.779  6 54787.58156947  2.183
 79  91.078697  73.136845   117.505   117.562  6 54997.58161996  1.237
 80  91.077692  73.138856    14.028    14.564  7 55032.58160986 13.933
 81  91.078736  73.143027     1.600     1.488  6 55067.58159915 51.335
 83  91.077865  73.135787   101.936   101.371  7 55137.58154441  6.962
 84  91.080295  73.145004    98.587    98.642  5 55172.58150734  4.866
 85  91.080455  73.132982   102.286   102.378  6 55207.58153814  3.885
 86  91.083564  73.145576   102.276   101.499  5 55242.58151198  2.369
 87  91.074789  73.142573   101.192   100.078  6 55277.58153379  1.442
 88  91.084539  73.144376   108.332   108.411  5 55312.58149731  0.523
 89  91.090902  73.134377   104.125   104.470  3 55347.58150208  2.288
 90  91.089174  73.136689   118.655   118.744  4 55382.58149348  1.303
 91  91.078622  73.133573     2.788     2.698  7 55417.58152140 51.840
 92  91.091580  73.138541   119.872   119.981  3 55452.58150336  0.792
 93  91.085740  73.147586   102.098   101.608  3 55487.58142702 11.124
