-109729.563    32.120     0.00    3.43
-109361.772    30.656    -3.98    3.73
-108993.886    28.966    -4.60    3.38
-108625.905    28.187    -2.12    3.41
-108257.830    26.963    -3.33    3.11
-107889.661    25.327    -4.44    3.65
-107521.397    23.625    -4.62    3.81
-107153.038    21.748    -5.10    3.40
-106784.584    20.730    -2.76    4.05
-106416.035    19.254    -4.00    4.28
-106047.392    18.385    -2.36    4.87
-105678.653    17.543    -2.28    4.89
-105309.819    15.754    -4.85    4.25
-104940.890    13.595    -5.85    3.78
-104571.866    12.031    -4.24    2.55
-104202.746    11.182    -2.30    1.96
-103833.531    10.433    -2.03    1.83
-103464.221     9.994    -1.19    1.91
-103094.815     9.325    -1.81    1.95
-102725.313     9.587     0.71    2.80
-102355.716    10.367     2.11    4.19
-101986.023    11.570     3.25    4.79
-101616.234    12.543     2.63    4.91
-101246.349    12.343    -0.54    4.67
-100876.368    11.701    -1.74    4.32
-100506.291    11.695    -0.02    4.08
-100136.118     9.748    -5.26    3.47
 -99765.849     8.319    -3.86    3.20
 -99395.483     7.682    -1.72    3.28
 -99025.021     6.783    -2.43    2.80
 -98654.462     6.695    -0.24    2.45
 -98283.807     6.725     0.08    2.54
 -97913.056     6.277    -1.21    2.48
 -97542.207     6.583     0.83    3.21
 -97171.262     7.258     1.82    3.88
 -96800.220     7.232    -0.07    4.13
 -96429.081     7.125    -0.29    3.78
 -96057.845     6.084    -2.80    2.78
 -95686.512     5.867    -0.58    2.31
 -95315.082     6.061     0.52    2.13
 -94943.555     5.319    -2.00    1.78
 -94571.931     5.214    -0.28    1.87
 -94200.209     5.536     0.87    2.28
 -93828.389     6.471     2.51    2.75
 -93456.472     6.795     0.87    2.56
 -93084.458     7.001     0.55    2.24
 -92712.346     7.611     1.64    2.05
 -92340.136     8.682     2.88    1.83
 -91967.828    10.156     3.96    2.11
 -91595.422    11.407     3.36    2.24
 -91222.918    12.101     1.86    1.97
 -90850.317    12.407     0.82    2.06
 -90477.617    12.928     1.40    2.51
 -90104.819    13.723     2.13    3.51
 -89731.922    15.398     4.49    4.96
 -89358.927    17.384     5.32    5.42
 -88985.834    19.815     6.51    4.66
 -88612.642    20.823     2.70    3.56
 -88239.352    20.652    -0.46    2.54
 -87865.963    19.367    -3.44    3.10
 -87492.475    20.113     2.00    4.30
 -87118.888    21.766     4.42    4.64
 -86745.202    22.311     1.46    4.86
 -86371.418    22.842     1.42    4.72
 -85997.534    21.968    -2.34    4.96
 -85623.551    21.831    -0.37    5.37
 -85249.469    20.499    -3.56    6.17
 -84875.287    17.031    -9.27    7.38
 -84501.006    14.948    -5.57    7.03
 -84126.626    14.264    -1.83    5.98
 -83752.146    16.278     5.38    6.22
 -83377.567    18.480     5.88    5.03
 -83002.887    17.246    -3.29    5.88
 -82628.108    15.326    -5.12    5.07
 -82253.229    13.911    -3.77    4.40
 -81878.250    13.288    -1.66    4.02
 -81503.171    13.417     0.34    3.64
 -81127.992    13.391    -0.07    3.55
 -80752.713    13.601     0.56    3.05
 -80377.333    13.422    -0.48    2.91
 -80001.853    12.609    -2.17    2.63
 -79626.273    11.748    -2.29    2.17
 -79250.592    11.375    -0.99    2.29
 -78874.810    11.741     0.97    2.37
 -78498.928    12.424     1.82    3.00
 -78122.945    12.760     0.90    3.24
 -77746.861    12.931     0.45    3.21
 -77370.677    12.327    -1.61    3.32
 -76994.391    11.441    -2.35    3.09
 -76618.004    11.978     1.43    3.05
 -76241.516    12.855     2.33    3.26
 -75864.927    13.020     0.44    3.30
 -75488.236    12.615    -1.08    3.89
 -75111.444    13.761     3.04    4.44
 -74734.551    15.399     4.35    6.26
 -74357.556    18.036     6.99    9.04
 -73980.459    20.605     6.81   10.94
 -73603.260    19.052    -4.12   11.28
 -73225.960    19.026    -0.07   10.64
 -72848.558    19.438     1.09    9.77
 -72471.053    18.524    -2.42    8.88
 -72093.447    17.294    -3.26    9.13
 -71715.738    14.674    -6.94    7.93
 -71337.928    12.250    -6.41    5.13
 -70960.015    13.007     2.00    6.11
 -70581.999    15.666     7.03    7.29
 -70203.881    20.956    13.99    8.73
 -69825.660    27.170    16.43   10.14
 -69447.337    36.226    23.94   10.10
 -69068.911    41.303    13.42    8.88
 -68690.382    39.399    -5.03   12.79
 -68311.751    34.015   -14.22   17.03
 -67933.016    30.015   -10.56   17.67
 -67554.178    27.368    -6.99   17.83
 -67175.237    38.629    29.72   21.71
 -66796.193    50.835    32.20   17.75
 -66417.046    61.175    27.27    7.37
 -66037.795    61.548     0.98    6.64
 -65658.440    57.159   -11.57   12.40
 -65278.982    46.839   -27.20   20.78
 -64899.420    38.077   -23.08   22.84
 -64519.755    28.036   -26.45   21.76
 -64139.986    19.999   -21.16   15.64
 -63760.112    13.400   -17.37    6.11
 -63380.135    14.123     1.90    6.38
 -63000.054    18.284    10.95   11.23
 -62619.868    23.454    13.60   11.97
 -62239.578    27.943    11.80   10.94
 -61859.184    32.770    12.69    8.50
 -61478.686    29.319    -9.07    8.30
 -61098.083    26.393    -7.69    9.40
 -60717.375    23.195    -8.40   10.55
 -60336.562    19.826    -8.84    8.68
 -59955.645    17.650    -5.71    8.59
 -59574.623    16.911    -1.94    8.16
 -59193.496    15.811    -2.89    8.18
 -58812.264    13.902    -5.01    8.32
 -58430.927    17.149     8.51   12.33
 -58049.484    23.942    17.81   13.61
 -57667.936    26.367     6.36   11.63
 -57286.283    26.280    -0.23   12.02
 -56904.525    20.789   -14.38   14.49
 -56522.661    15.335   -14.28   13.77
 -56140.691    10.107   -13.69   11.27
 -55758.615     5.822   -11.21    7.16
 -55376.434     3.658    -5.66    4.60
 -54994.146     3.183    -1.24    2.96
 -54611.753     2.895    -0.75    2.51
 -54229.254     3.146     0.66    2.37
 -53846.648     3.434     0.75    2.63
 -53463.936     5.992     6.68    6.16
 -53081.118    10.883    12.78    9.82
 -52711.928    16.894    16.28    9.58
 -52348.808    21.153    11.73    7.88
 -51985.596    20.790    -1.00    9.75
 -51622.292    16.975   -10.50   10.66
 -51258.895    14.256    -7.48   10.43
 -50895.406    11.113    -8.65    8.50
 -50531.823     9.295    -5.00    7.15
 -50168.148     7.203    -5.75    6.49
 -49804.380     5.066    -5.87    5.12
 -49440.519     3.192    -5.15    2.99
 -49076.565     2.640    -1.52    2.87
 -48712.518     2.823     0.50    3.12
 -48348.378     2.815    -0.02    2.83
 -47984.145     2.249    -1.55    2.41
 -47619.818     2.148    -0.28    2.70
 -47255.398     5.311     8.68    6.99
 -46890.884     8.599     9.02    8.57
 -46526.277    10.245     4.52    7.47
 -46161.576    11.519     3.49    6.10
 -45796.782    11.257    -0.72    6.12
 -45431.894     9.471    -4.90    6.80
 -45066.912     9.135    -0.92    7.05
 -44701.836    10.085     2.60    8.15
 -44336.666    10.359     0.75    7.70
 -43971.402    12.679     6.35    6.51
 -43606.044    14.258     4.32    5.85
 -43240.592    14.244    -0.04    4.88
 -42875.046    14.945     1.92    5.62
 -42509.405    13.886    -2.89    6.76
 -42143.670    12.319    -4.29    7.75
 -41777.840    10.273    -5.59    7.29
 -41411.916     7.601    -7.30    6.24
 -41045.897     6.788    -2.22    5.66
 -40679.784     9.242     6.70    7.61
 -40313.575    11.242     5.46    7.72
 -39947.272    13.401     5.89    5.99
 -39580.874    11.570    -5.00    7.25
 -39214.381     8.085    -9.51    7.60
 -38847.793     3.793   -11.71    4.79
 -38481.110     2.123    -4.55    3.53
 -38114.331     0.863    -3.43    1.06
 -37747.457     0.634    -0.62    0.80
 -37380.488     0.359    -0.75    0.09
 -37013.423     0.351    -0.02    0.00
 -36646.263     0.351     0.00    0.00
 -36279.007     0.351     0.00    0.00
 -35911.656     0.351     0.00    0.00
 -35544.209     0.351     0.00    0.00
 -35176.665     0.351     0.00    0.00
 -34809.026     0.351     0.00    0.00
 -34441.291     0.351     0.00    0.00
 -34073.460     0.351     0.00    0.00
 -33705.533     0.351     0.00    0.00
 -33337.510     0.438     0.24    0.31
 -32969.390     0.566     0.35    0.53
 -32601.174     0.571     0.01    0.55
 -32232.862     0.695     0.34    0.93
 -31864.453     1.994     3.53    3.52
 -31495.947     4.458     6.69    5.42
 -31127.345     6.871     6.54    5.83
 -30758.646     7.816     2.56    5.45
 -30389.850     6.847    -2.63    5.73
 -30020.957     6.156    -1.87    5.12
 -29651.968     4.898    -3.41    4.35
 -29282.881     4.951     0.14    4.10
 -28913.697     8.421     9.40    6.74
 -28544.416    12.188    10.20    8.16
 -28175.037    16.999    13.02    9.44
 -27805.562    23.054    16.39   12.01
 -27435.989    29.399    17.17   15.49
 -27066.318    38.867    25.61   19.31
 -26696.549    47.671    23.81   20.24
 -26326.683    55.119    20.14   17.90
 -25956.720    63.180    21.79   15.02
 -25586.658    69.165    16.17   14.99
 -25216.499    74.826    15.29   12.49
 -24846.241    76.898     5.60   11.55
 -24475.886    78.120     3.30   13.06
 -24105.432    79.925     4.87   14.71
 -23734.880    89.828    26.72   18.44
 -23364.230   100.962    30.04   15.49
 -22993.481   111.863    29.40   15.45
 -22622.634   117.118    14.17   13.62
 -22251.688   117.107    -0.03   13.08
 -21880.644   114.713    -6.45   13.82
 -21509.501   108.646   -16.35   12.42
 -21138.259   101.128   -20.25   11.92
 -20766.919    92.609   -22.94   17.01
 -20395.479    80.867   -31.61   19.22
 -20023.940    67.277   -36.58   12.79
 -19652.303    55.515   -31.65   13.41
 -19280.566    44.140   -30.60   15.78
 -18908.730    36.778   -19.80   13.71
 -18536.794    37.994     3.27   14.92
 -18164.759    41.927    10.57   15.84
 -17792.625    49.687    20.85   13.04
 -17420.391    58.484    23.63   14.70
 -17048.057    68.409    26.66   21.11
 -16675.624    88.609    54.24   25.30
 -16303.091   106.243    47.33   21.02
 -15930.458   119.095    34.49   12.77
 -15557.725   121.205     5.66    9.08
 -15184.891   118.304    -7.78   10.41
 -14811.958   113.960   -11.65    9.05
 -14438.925   112.451    -4.05    9.47
 -14065.791   113.001     1.48    9.76
 -13692.556   108.982   -10.77   11.41
 -13319.222   100.562   -22.55   16.22
 -12945.786    86.051   -38.86   20.27
 -12572.251    69.132   -45.29   22.51
 -12198.614    51.080   -48.32   23.20
 -11824.876    38.335   -34.10   17.42
 -11451.038    36.010    -6.22   15.74
 -11077.099    40.799    12.81   17.80
 -10703.058    47.960    19.15   14.81
 -10328.917    51.005     8.14    9.90
  -9954.674    47.037   -10.60   10.78
  -9580.330    40.043   -18.68    9.89
  -9205.885    35.060   -13.31   10.29
  -8831.338    31.551    -9.37   11.52
  -8456.690    28.056    -9.33   12.34
  -8081.940    23.182   -13.01   12.45
  -7707.088    17.258   -15.80   10.99
  -7332.134    13.528    -9.95    7.71
  -6957.079    11.636    -5.05    6.50
  -6581.921    12.008     0.99    7.05
  -6206.662    12.023     0.04    6.90
  -5831.300     8.999    -8.06    4.78
  -5455.837     6.889    -5.62    2.21
  -5080.271     6.879    -0.03    2.32
  -4704.602     6.828    -0.14    2.36
  -4328.831     6.398    -1.14    1.70
  -3952.958     5.875    -1.39    1.66
  -3576.982     5.458    -1.11    1.78
  -3200.903     5.494     0.10    1.80
  -2824.721     5.493    -0.00    1.82
  -2448.436     5.620     0.34    1.67
  -2072.049     5.618    -0.01    1.66
  -1695.558     5.113    -1.34    2.44
  -1318.965     3.951    -3.08    3.10
   -942.268     2.568    -3.67    3.29
   -565.467     1.305    -3.35    2.96
   -188.564     0.693    -1.63    2.70
    188.444     1.030     0.90    2.92
    565.554     2.069     2.75    3.09
    942.769     3.636     4.15    2.94
   1320.087     4.931     3.43    2.17
   1697.509     5.297     0.97    1.27
   2075.035     5.028    -0.71    1.20
   2452.665     5.205     0.47    1.72
   2830.399     5.556     0.93    2.00
   3208.237     6.093     1.42    1.81
   3586.179     6.524     1.14    1.76
   3964.226     6.906     1.01    1.57
   4342.378     6.518    -1.03    1.61
   4720.633     5.951    -1.50    1.78
   5098.994     5.197    -1.99    1.53
   5477.459     4.705    -1.30    0.96
   5856.029     5.491     2.08    1.64
   6234.703     6.076     1.55    1.91
   6613.483     8.202     5.61    4.17
   6992.368    16.359    21.53   13.51
   7371.358    26.987    28.04   17.81
   7750.453    36.743    25.74   15.86
   8129.654    36.244    -1.32   17.15
   8508.959    26.928   -24.56   19.52
   8888.371    15.504   -30.11   13.30
   9267.888     9.036   -17.04    4.73
   9647.510     8.313    -1.90    2.73
  10027.239     8.786     1.25    3.21
  10407.073     8.806     0.05    3.27
  10787.013     8.717    -0.23    3.36
  11167.059     8.836     0.31    3.41
  11547.212     9.023     0.49    3.76
  11927.470     9.497     1.25    4.21
  12307.835     9.070    -1.12    3.85
  12688.306     8.513    -1.47    3.28
  13068.884     9.064     1.45    3.34
  13449.568    10.030     2.54    3.20
  13830.359    11.043     2.66    2.91
  14211.256    11.391     0.91    2.70
  14592.261    10.489    -2.37    3.09
  14973.372    10.537     0.12    4.04
  15354.590    12.039     3.94    4.83
  15735.916    13.548     3.96    4.37
  16117.349    14.736     3.12    3.75
  16498.888    13.692    -2.74    3.75
  16880.536    13.157    -1.40    3.69
  17262.291    13.997     2.20    3.99
  17644.153    15.184     3.11    4.61
  18026.123    16.432     3.27    4.80
  18408.201    17.182     1.96    5.15
  18790.386    18.451     3.32    5.68
  19172.680    20.228     4.65    6.40
  19555.081    22.542     6.05    7.41
  19937.591    25.327     7.28    8.26
  20320.209    26.237     2.38    9.06
  20702.935    26.676     1.15    9.73
  21085.769    28.825     5.61    9.37
  21468.712    32.048     8.42    7.96
  21847.069    34.591     6.72    5.22
  22209.970    34.677     0.24    4.87
  22572.965    34.122    -1.53    5.73
  22936.054    32.506    -4.45    5.59
  23299.237    31.548    -2.64    6.72
  23662.514    32.182     1.74    7.50
  24025.885    32.238     0.16    8.17
  24389.351    33.436     3.29    8.27
  24752.910    37.328    10.71    9.30
  25116.564    41.320    10.98    8.20
  25480.312    41.743     1.17    7.54
  25844.155    42.018     0.75    7.84
  26208.092    43.010     2.73    9.25
  26572.124    44.188     3.24    8.36
  26936.250    42.896    -3.55    9.62
  27300.471    38.489   -12.10   12.10
  27664.787    31.083   -20.33   11.95
  28029.198    24.518   -18.02   11.07
  28393.704    17.536   -19.16   11.26
  28758.305     9.798   -21.22    8.72
  29123.001     6.058   -10.26    6.05
  29487.792     6.298     0.66    7.53
  29852.679     9.766     9.50   10.05
  30217.661    17.798    22.01   11.72
  30582.738    24.821    19.24   11.47
  30947.911    28.504    10.09   11.06
  31313.180    28.866     0.99   10.71
  31678.544    25.465    -9.31   10.46
  32044.004    21.190   -11.70    7.75
  32409.560    18.636    -6.99    6.36
  32775.211    17.563    -2.93    6.84
  33140.959    15.722    -5.03    8.66
  33506.803    12.113    -9.87    8.48
  33872.742     7.931   -11.43    6.67
  34238.778     5.343    -7.07    3.73
  34604.911     5.689     0.95    3.48
  34971.139     6.056     1.00    3.50
  35337.464     5.640    -1.13    3.57
  35703.886     4.542    -3.00    3.39
  36070.404     4.033    -1.39    2.91
  36437.019     4.460     1.17    3.36
  36803.731     5.143     1.86    3.52
  37170.539     5.707     1.54    3.32
  37537.445     5.886     0.49    3.45
  37904.447     6.932     2.85    3.23
  38271.546     7.397     1.27    3.30
  38638.743     6.921    -1.29    3.88
  39006.037     5.692    -3.35    4.16
  39373.428     4.313    -3.76    3.94
  39740.916     5.228     2.49    6.14
  40108.502     8.945    10.11    9.81
  40476.185    11.840     7.87   10.98
  40843.966    13.196     3.69   10.76
  41211.845    11.445    -4.76    8.99
  41579.822    10.518    -2.52    7.18
  41947.896    14.313    10.31   12.13
  42316.068    18.867    12.37   12.86
  42684.339    21.214     6.37   11.79
  43052.707    24.351     8.52   10.50
  43421.173    26.320     5.34   10.38
  43789.738    29.336     8.18    9.27
  44158.401    30.956     4.39    8.87
  44527.163    29.258    -4.60    9.39
  44896.023    23.046   -16.84   11.11
  45264.981    17.731   -14.41   10.35
  45634.039    15.297    -6.60   11.36
  46003.195    16.504     3.27   13.27
  46372.449    21.839    14.45   14.53
  46741.803    28.603    18.31   13.77
  47111.256    32.972    11.83   12.29
  47480.807    36.949    10.76   13.37
  47850.458    41.412    12.07   12.14
  48220.208    41.870     1.24   11.94
  48590.058    38.312    -9.62   12.54
  48960.006    33.893   -11.94   11.39
  49330.054    29.859   -10.90   10.79
  49700.202    27.057    -7.57    8.80
  50070.449    23.862    -8.63    8.16
  50440.797    20.203    -9.88    7.28
  50811.243    16.295   -10.55    6.53
  51181.790    14.581    -4.63    5.08
  51552.437    14.477    -0.28    5.32
  51923.183    13.587    -2.40    6.21
  52294.030    11.727    -5.02    6.17
  52664.977     8.757    -8.01    5.54
  53036.024     5.464    -8.88    4.84
  53407.172     2.877    -6.97    4.32
  53778.420     1.702    -3.17    3.16
  54149.768     1.303    -1.07    2.70
  54521.218     1.973     1.80    2.56
  54892.768     2.494     1.40    2.64
  55264.418     2.973     1.29    2.58
  55636.170     3.501     1.42    2.64
  56008.022     3.283    -0.59    2.73
  56379.976     2.997    -0.77    2.80
  56752.030     2.836    -0.43    2.76
  57124.186     2.459    -1.01    2.25
  57496.443     3.628     3.14    2.50
  57868.801     4.075     1.20    2.98
  58241.261     3.043    -2.77    3.82
  58613.823     2.595    -1.20    4.00
  58986.486     2.366    -0.62    3.86
  59359.250     2.871     1.35    3.72
  59732.117     4.013     3.06    3.32
  60105.085     4.927     2.45    2.44
  60478.155     4.778    -0.40    2.09
  60851.328     5.105     0.87    1.81
  61224.602     5.336     0.62    1.85
  61597.979     5.028    -0.82    1.99
  61971.458     4.727    -0.81    2.12
  62345.039     4.540    -0.50    1.94
  62718.723     4.297    -0.65    1.76
  63092.509     4.825     1.41    1.75
  63466.398     4.824    -0.00    1.90
  63840.390     4.547    -0.74    1.91
  64214.484     4.662     0.31    1.84
  64588.682     4.632    -0.08    1.73
  64962.982     4.070    -1.50    1.97
  65337.385     3.825    -0.65    1.88
  65711.892     3.692    -0.35    1.62
  66086.502     3.950     0.69    1.94
  66461.215     4.171     0.59    1.88
  66836.031     4.651     1.28    1.87
  67210.951     5.270     1.65    1.96
  67585.975     5.404     0.36    2.34
  67961.102     3.919    -3.96    4.07
  68336.333     1.013    -7.75    5.31
  68711.668    -2.446    -9.22    4.52
  69087.107    -4.922    -6.59    1.73
  69462.650    -4.634     0.77    2.20
  69838.297    -2.935     4.52    3.14
  70214.048    -0.955     5.27    2.82
  70589.903     0.462     3.77    1.49
  70965.863     0.882     1.12    0.70
  71341.927     1.030     0.39    0.69
  71718.096     1.282     0.67    1.02
  72094.369     1.073    -0.56    2.04
  72470.747    -0.559    -4.34    3.34
  72847.230    -2.449    -5.02    3.40
  73223.818    -2.790    -0.90    3.20
  73600.511    -2.138     1.73    3.46
  73977.309     2.224    11.58    6.84
  74354.212     6.603    11.62    7.32
  74731.220     8.351     4.64    6.67
  75108.334     9.107     2.00    6.27
  75485.553     7.610    -3.97    5.90
  75862.877     5.452    -5.72    4.58
  76240.308     4.040    -3.74    4.27
  76617.843     2.750    -3.42    2.94
  76995.485     2.225    -1.39    2.99
  77373.233     2.082    -0.38    2.95
  77751.086     2.662     1.53    4.04
  78129.046     4.518     4.91    5.05
  78507.112     5.292     2.05    5.97
  78885.284     5.111    -0.48    6.98
  79263.562     2.008    -8.20    8.12
  79641.947    -1.412    -9.04    7.17
  80020.438    -3.451    -5.39    4.21
  80399.036    -3.745    -0.78    3.75
  80777.741    -2.634     2.93    4.10
  81156.552    -2.604     0.08    3.53
  81535.470    -3.492    -2.34    3.14
  81914.496    -4.393    -2.38    2.55
  82293.628    -4.071     0.85    3.28
  82672.867    -1.955     5.58    4.92
  83052.214     0.124     5.48    4.64
  83431.668     1.189     2.81    3.42
  83811.230     1.607     1.10    2.58
  84190.899     1.254    -0.93    2.47
  84570.675     0.847    -1.07    2.82
  84950.559    -0.203    -2.76    2.71
  85330.552    -0.938    -1.93    2.08
  85710.652    -1.190    -0.66    1.99
  86090.860    -1.035     0.41    1.73
  86471.176    -0.274     2.00    0.98
  86851.600    -0.110     0.43    0.90
  87232.132     0.239     0.92    1.59
  87612.773     1.121     2.32    2.51
  87993.523     1.229     0.28    2.63
  88374.380     1.040    -0.50    2.63
  88755.347     0.859    -0.48    2.38
  89136.422    -0.123    -2.58    0.98
  89517.606     0.033     0.41    0.99
  89898.899     0.079     0.12    0.85
  90280.301     0.057    -0.06    0.80
  90661.812     0.125     0.18    0.82
  91043.433     0.095    -0.08    0.79
  91425.162     0.033    -0.16    0.89
  91807.001     0.113     0.21    0.90
  92188.950     0.195     0.22    1.09
  92571.008    -0.071    -0.70    1.24
  92953.176    -0.490    -1.10    1.27
  93335.453    -0.620    -0.34    1.13
  93717.841    -0.681    -0.16    1.25
  94100.338    -0.561     0.31    1.16
  94482.946    -0.333     0.60    1.11
  94865.663    -0.237     0.25    1.18
  95248.491     0.042     0.73    0.97
  95631.429     0.056     0.04    0.96
  96014.478    -0.205    -0.68    1.19
  96397.637    -0.433    -0.60    1.23
  96765.213    -0.800    -1.00    1.22
  97128.007    -1.071    -0.75    1.20
  97490.895    -1.142    -0.19    1.18
  97853.879    -0.907     0.65    1.16
  98216.958    -0.484     1.17    1.22
  98580.133    -0.153     0.91    1.25
  98943.402     0.172     0.89    1.33
  99306.767     0.568     1.09    1.66
  99670.228     0.662     0.26    1.76
 100033.784     0.462    -0.55    1.63
 100397.436     0.466     0.01    1.54
 100761.184     0.961     1.36    2.00
 101125.027     1.074     0.31    2.07
 101488.966     1.700     1.72    3.03
 101853.002     1.193    -1.39    3.36
 102217.133    -0.323    -4.16    3.84
 102581.360    -2.093    -4.86    3.56
 102945.684    -3.718    -4.46    2.98
 103310.104    -4.583    -2.37    2.15
 103674.620    -4.374     0.57    2.50
 104039.233    -3.832     1.49    3.04
 104403.942    -0.442     9.30    7.33
 104768.748     1.935     6.51    8.67
 105133.650     2.806     2.39    8.96
 105498.649     4.539     4.75    8.31
 105863.745     5.738     3.28    8.29
 106228.938     6.588     2.33    8.53
 106594.228     8.078     4.08    8.49
 106959.615     7.138    -2.57    8.88
 107325.100     5.570    -4.29    8.23
 107690.681     4.628    -2.58    8.39
 108056.360     4.447    -0.49    9.02
 108422.136     4.498     0.14    9.26
 108788.009     4.551     0.14    9.72
 109153.980     3.814    -2.01    9.72
 109520.049     2.971    -2.30    9.56
 109886.215     3.299     0.90   10.95
 110252.480     3.953     1.78   12.61
 110618.842     3.336    -1.68   12.46
 110985.302     1.454    -5.14   10.74
 111351.860    -0.951    -6.56    7.34
 111718.516    -1.525    -1.56    7.42
 112085.270    -2.367    -2.30    6.97
 112452.123    -3.966    -4.36    4.44
 112819.074    -4.497    -1.45    3.50
 113186.123    -4.721    -0.61    3.14
 113553.271    -4.679     0.11    3.11
 113920.517    -4.530     0.41    3.27
 114287.863    -3.397     3.09    6.15
 114655.307    -2.754     1.75    7.47
 115022.849    -2.694     0.16    7.27
 115390.491    -3.861    -3.17    4.66
 115758.232    -4.753    -2.43    2.66
 116126.071    -5.537    -2.13    0.45
 116494.010    -5.649    -0.30    0.00
 116862.049    -5.649     0.00    0.00
 117230.186    -5.649     0.00    0.00
 117598.423    -5.649     0.00    0.00
 117966.759    -5.649     0.00    0.00
 118335.195    -5.649     0.00    0.00
 118703.731    -5.649     0.00    0.00
 119072.366    -5.649     0.00    0.00
 119441.102    -5.649     0.00    0.00
 119809.937    -5.649     0.00    0.00
 120178.872    -5.649     0.00    0.00
 120547.907    -5.649     0.00    0.00
 120917.042    -5.649     0.00    0.00
 121286.278    -5.649     0.00    0.00
 121655.614    -5.649     0.00    0.00
 122025.050    -5.649     0.00    0.00
 122394.587    -5.649     0.00    0.00
 122764.224    -5.649     0.00    0.00
 123133.963    -5.649     0.00    0.00
 123503.801    -5.649     0.00    0.00
 123873.741    -5.649     0.00    0.00
 124243.781    -5.649     0.00    0.00
 124613.923    -5.649     0.00    0.00
 124984.166    -5.649     0.00    0.00
 125354.509    -5.649     0.00    0.00
 125724.955    -5.649     0.00    0.00
 126095.501    -5.649     0.00    0.00
 126466.149    -5.649     0.00    0.00
 126836.898    -5.649     0.00    0.00
 127207.749    -5.649     0.00    0.00
 127578.702    -5.649     0.00    0.00
 127949.756    -5.649     0.00    0.00
 128320.912    -5.649     0.00    0.00
 128692.170    -5.649     0.00    0.00
 129063.530    -5.649     0.00    0.00
 129434.993    -5.649     0.00    0.00
 129806.557    -5.649     0.00    0.00
 130178.224    -5.649     0.00    0.00
 130549.993    -5.649     0.00    0.00
 130921.864    -5.649     0.00    0.00
 131293.839    -5.649     0.00    0.00
 131665.915    -5.649     0.00    0.00
 132038.095    -5.649     0.00    0.00
 132410.377    -5.649     0.00    0.00
 132782.762    -5.649     0.00    0.00
 133155.250    -5.649     0.00    0.00
 133527.841    -5.649     0.00    0.00
 133900.536    -5.649     0.00    0.00
 134273.333    -5.649     0.00    0.00
 134646.234    -5.649     0.00    0.00
