 -71873.655    88.159     0.00    4.68
 -71510.592    89.512     3.73    3.81
 -71147.437    89.226    -0.79    5.35
 -70784.190    88.264    -2.65    6.42
 -70420.850    87.139    -3.10    7.63
 -70057.417    84.960    -5.99    8.72
 -69693.891    82.525    -6.70    9.69
 -69330.273    80.608    -5.27    9.24
 -68966.562    79.800    -2.22    9.28
 -68602.758    79.525    -0.76    9.30
 -68238.861    77.580    -5.34    9.15
 -67874.871    72.631   -13.60   11.53
 -67510.788    65.879   -18.54   14.51
 -67146.611    60.224   -15.53   12.28
 -66782.341    60.040    -0.51   13.86
 -66417.978    63.982    10.82   16.42
 -66053.522    71.155    19.68   16.06
 -65688.972    77.760    18.12   14.31
 -65324.328    83.383    15.42   11.32
 -64959.591    87.950    12.52    8.25
 -64594.759    91.897    10.82    6.05
 -64229.835    93.785     5.17    5.48
 -63864.816    91.760    -5.55    8.85
 -63499.703    84.128   -20.90   14.19
 -63134.496    76.903   -19.78   12.97
 -62769.195    72.312   -12.57    8.85
 -62403.800    71.865    -1.22    7.95
 -62038.311    74.494     7.19    7.62
 -61672.728    77.720     8.83    5.55
 -61307.050    78.048     0.90    5.76
 -60941.277    77.652    -1.08    5.33
 -60575.410    78.624     2.66    5.07
 -60209.449    79.150     1.44    5.08
 -59843.392    78.770    -1.04    4.21
 -59477.241    80.434     4.54    4.71
 -59110.995    83.215     7.59    4.34
 -58744.654    84.047     2.27    4.02
 -58378.219    82.808    -3.38    5.35
 -58011.688    79.816    -8.16    5.63
 -57645.062    77.277    -6.93    5.13
 -57278.340    76.694    -1.59    4.79
 -56911.524    78.934     6.11    5.53
 -56544.612    79.918     2.68    5.16
 -56177.605    79.041    -2.39    5.89
 -55810.502    77.113    -5.25    5.58
 -55443.303    75.355    -4.79    5.44
 -55076.009    74.300    -2.87    5.23
 -54708.619    74.387     0.24    5.03
 -54341.134    74.356    -0.09    4.54
 -53973.552    74.150    -0.56    4.18
 -53605.875    75.199     2.85    4.78
 -53238.101    75.402     0.55    4.98
 -52870.231    74.662    -2.01    6.56
 -52502.265    73.778    -2.40    6.40
 -52134.203    74.651     2.37    7.16
 -51766.045    75.890     3.36    7.14
 -51397.790    76.313     1.15    6.35
 -51029.438    76.936     1.69    6.38
 -50660.990    76.187    -2.03    7.10
 -50292.446    76.645     1.24    7.02
 -49923.804    77.824     3.20    6.73
 -49555.066    78.158     0.90    6.03
 -49186.231    78.607     1.22    5.31
 -48817.299    78.925     0.86    5.17
 -48448.270    80.262     3.62    4.93
 -48079.143    80.506     0.66    4.19
 -47709.920    80.312    -0.53    4.19
 -47340.599    81.289     2.65    7.01
 -46971.181    83.895     7.05    9.94
 -46601.665    87.924    10.90   11.27
 -46232.052    92.270    11.76    9.02
 -45862.342    95.879     9.76    6.86
 -45492.533    98.168     6.19    5.02
 -45122.627    98.520     0.95    4.36
 -44752.624    99.184     1.80    4.29
 -44382.522    99.037    -0.40    3.73
 -44012.322    99.824     2.13    4.20
 -43642.024   102.599     7.49    4.56
 -43271.628   104.723     5.74    3.99
 -42901.134   104.988     0.71    4.20
 -42530.542   105.997     2.72    4.19
 -42159.851   104.429    -4.23    3.87
 -41789.062   102.855    -4.24    3.92
 -41418.174   103.002     0.40    4.96
 -41047.188   104.724     4.64    6.66
 -40676.103   106.785     5.55    7.83
 -40304.919   108.824     5.49    7.49
 -39933.636   107.586    -3.34    7.80
 -39562.254   105.672    -5.15    5.12
 -39190.774   105.574    -0.26    4.09
 -38819.194   106.824     3.36    4.70
 -38447.515   109.941     8.39    4.41
 -38075.737   110.793     2.29    4.55
 -37703.860   109.113    -4.52    5.61
 -37331.883   107.304    -4.86    7.52
 -36959.806   104.475    -7.60    7.99
 -36587.630   102.194    -6.13    6.30
 -36215.355   105.110     7.83   10.74
 -35842.979   113.263    21.89   17.52
 -35470.504   120.743    20.08   16.86
 -35097.929   124.645    10.47   15.63
 -34725.254   123.593    -2.82   16.31
 -34352.479   117.010   -17.66   17.57
 -33979.604   106.227   -28.92   23.34
 -33606.629    90.793   -41.38   25.46
 -33233.553    74.952   -42.46   24.52
 -32860.377    58.196   -44.90   20.49
 -32487.100    45.999   -32.68   17.56
 -32113.723    41.871   -11.06   14.87
 -31740.245    40.723    -3.07   12.75
 -31366.667    40.041    -1.82   11.29
 -30992.988    36.328    -9.94   10.48
 -30619.208    34.266    -5.52    8.76
 -30245.327    33.751    -1.38    9.47
 -29871.345    34.609     2.29    9.38
 -29497.261    34.539    -0.19    8.11
 -29123.077    36.801     6.05    8.98
 -28748.791    39.522     7.27    9.73
 -28374.404    43.925    11.76    9.44
 -27999.916    49.263    14.25   13.14
 -27625.326    56.894    20.37   17.98
 -27250.634    66.994    26.95   17.61
 -26875.841    77.072    26.89   15.30
 -26500.945    84.160    18.91   12.23
 -26125.948    85.933     4.73   10.02
 -25750.849    86.340     1.08    9.38
 -25375.648    84.925    -3.77    8.08
 -25000.345    83.001    -5.13    4.60
 -24624.940    83.512     1.36    4.75
 -24249.432    84.158     1.72    6.13
 -23873.822    86.452     6.11    7.96
 -23498.110    88.446     5.31    8.26
 -23122.295    90.995     6.78    7.81
 -22746.377    95.916    13.09    9.19
 -22370.357    99.213     8.77    9.41
 -21994.234   100.511     3.45    8.58
 -21618.008   101.242     1.94    6.96
 -21241.679    98.379    -7.61    8.32
 -20865.247    94.068   -11.45   10.84
 -20488.712    89.816   -11.29   14.07
 -20112.073    85.986   -10.17   15.28
 -19735.332    79.034   -18.45   17.63
 -19358.486    74.124   -13.03   19.47
 -18981.538    69.686   -11.77   20.78
 -18604.486    62.882   -18.05   22.93
 -18227.330    56.247   -17.59   25.71
 -17850.071    47.499   -23.19   24.87
 -17472.707    37.096   -27.57   24.09
 -17095.240    27.901   -24.36   20.21
 -16717.669    20.093   -20.68   17.64
 -16339.994    12.173   -20.97   14.19
 -15962.214     6.893   -13.98   10.29
 -15584.330     2.610   -11.33    4.82
 -15206.342     0.839    -4.68    2.07
 -14828.250     0.176    -1.75    1.04
 -14450.053     0.121    -0.14    1.05
 -14071.751     1.000     2.32    3.03
 -13693.345     1.881     2.33    4.02
 -13314.834     2.824     2.49    4.70
 -12936.218     2.809    -0.04    4.65
 -12557.497     4.894     5.51    8.19
 -12178.671     6.748     4.89    9.55
 -11799.740     9.288     6.70    9.65
 -11420.704     9.670     1.01    9.07
 -11041.562     7.686    -5.23    7.81
 -10662.315     5.023    -7.02    6.21
 -10282.963     6.664     4.33    8.24
  -9903.505    10.336     9.68   13.14
  -9523.941    14.580    11.18   14.49
  -9144.272    15.270     1.82   12.80
  -8764.497    13.499    -4.67    9.98
  -8384.616    12.271    -3.23   11.64
  -8004.628    11.816    -1.20   13.36
  -7624.535    11.122    -1.83   12.80
  -7244.336    10.244    -2.31    9.25
  -6864.030     9.552    -1.82    5.47
  -6483.618     8.909    -1.69    5.79
  -6103.099     6.898    -5.28    5.73
  -5722.474     5.032    -4.90    4.58
  -5341.742     4.119    -2.40    3.64
  -4960.904     4.626     1.33    4.22
  -4579.959     6.824     5.77    6.64
  -4198.906     9.236     6.33    9.65
  -3817.747    12.163     7.68   10.88
  -3436.481    11.181    -2.58   10.69
  -3055.107     9.004    -5.71    9.13
  -2673.627     7.335    -4.37    7.87
  -2292.039     6.226    -2.91    6.63
  -1910.343     5.389    -2.19    6.89
  -1528.540     4.793    -1.56    6.98
  -1146.629     2.509    -5.98    5.75
   -764.611     1.021    -3.89    3.63
   -382.484     0.418    -1.58    1.96
     -0.250     0.400    -0.05    1.88
    382.092     0.278    -0.32    1.35
    764.542     0.570     0.76    1.27
   1147.101     2.271     4.45    3.55
   1529.768     4.998     7.13    4.98
   1912.543     7.891     7.56    4.78
   2295.426    10.145     5.89    3.19
   2678.418    10.778     1.65    2.57
   3046.815    10.526    -0.68    3.03
   3409.757    10.469    -0.16    3.02
   3772.793    10.538     0.19    2.50
   4135.922    10.427    -0.31    2.73
   4499.146    10.099    -0.90    2.98
   4862.464     9.716    -1.05    3.17
   5225.876     9.893     0.49    2.76
   5589.382     9.615    -0.76    2.52
   5952.982     8.576    -2.86    3.21
   6316.677     7.589    -2.71    3.03
   6680.466     6.240    -3.71    2.80
   7044.350     4.699    -4.23    2.62
   7408.328     4.374    -0.89    2.24
   7772.401     4.155    -0.60    2.12
   8136.569     4.445     0.80    2.13
   8500.831     4.984     1.48    1.99
   8865.189     4.893    -0.25    2.06
   9229.641     4.986     0.25    2.02
   9594.188     5.070     0.23    1.78
   9958.831     5.074     0.01    1.49
  10323.569     4.897    -0.49    1.45
  10688.402     5.157     0.71    1.53
  11053.330     5.117    -0.11    1.82
  11418.354     5.308     0.52    1.88
  11783.473     5.493     0.51    2.02
  12148.688     5.165    -0.90    2.27
  12513.999     4.547    -1.69    2.55
  12879.405     4.286    -0.71    2.80
  13244.907     4.557     0.74    3.45
  13610.505     4.957     1.09    3.67
  13976.199     5.596     1.75    3.83
  14341.989     5.142    -1.24    3.42
  14707.875     5.340     0.54    3.65
  15073.857     6.293     2.61    4.98
  15439.936     8.741     6.69    8.28
  15806.110    13.855    13.97   12.29
  16172.382    19.145    14.44   14.25
  16538.749    23.213    11.11   14.85
  16905.214    25.278     5.63   14.40
  17271.775    24.131    -3.13   13.29
  17638.433    24.953     2.24   12.63
  18005.187    24.963     0.03   12.16
  18372.039    24.607    -0.97   11.45
  18738.987    25.786     3.21   10.40
  19106.033    30.724    13.45   12.52
  19473.175    37.034    17.19   13.87
  19840.415    46.589    26.02   13.57
  20207.752    56.147    26.02    8.54
  20575.187    61.929    15.74    7.39
  20942.718    66.290    11.87    7.42
  21310.348    69.374     8.39    8.26
  21678.075    71.284     5.20    8.38
  22045.900    71.553     0.73    9.65
  22413.822    72.725     3.18    9.83
  22781.842    71.389    -3.63    9.73
  23149.961    72.197     2.20    8.87
  23518.177    72.206     0.02    8.44
  23886.491    73.328     3.05    9.17
  24254.903    80.518    19.52   16.04
  24623.414    86.998    17.59   19.60
  24992.023    96.448    25.64   20.82
  25360.730   107.212    29.19   21.63
  25729.536   116.316    24.69   19.73
  26098.441   127.576    30.52   14.23
  26467.444   135.583    21.70   11.00
  26836.545   138.061     6.71    8.34
  27205.746   137.176    -2.40    8.91
  27575.045   130.899   -17.00   10.43
  27944.444   124.282   -17.91   10.29
  28313.941   120.056   -11.44    8.69
  28683.538   123.689     9.83   11.54
  29053.233   130.320    17.94   14.05
  29423.028   138.462    22.02   12.30
  29792.923   145.125    18.01   10.47
  30162.917   151.908    18.33    9.76
  30533.010   160.447    23.07    9.77
  30903.203   164.473    10.88   11.76
  31273.496   164.892     1.13   13.23
  31643.888   162.893    -5.40   13.74
  32014.380   159.802    -8.35   11.24
  32384.972   159.007    -2.14    7.43
  32755.665   163.650    12.52    8.76
  33126.457   169.397    15.50    9.71
  33497.349   173.627    11.40    9.37
  33868.342   175.218     4.29    8.93
  34239.435   174.214    -2.71    9.92
  34610.629   172.324    -5.09   11.20
  34981.923   169.229    -8.34   12.25
  35353.318   166.869    -6.35   12.39
  35724.813   161.250   -15.13   11.38
  36096.409   154.328   -18.63   10.57
  36468.106   152.899    -3.84    9.60
  36839.904   155.312     6.49   11.13
  37211.803   161.548    16.77   11.59
  37583.802   167.093    14.91    9.08
  37955.904   167.182     0.24    8.77
  38328.106   164.298    -7.75    9.87
  38700.410   160.441   -10.36   11.60
  39072.815   154.368   -16.31   10.26
  39445.322   152.579    -4.80   10.68
  39817.930   153.207     1.69   10.82
  40190.640   155.468     6.06    9.23
  40563.452   158.809     8.96    6.68
  40936.365   160.740     5.18    5.90
  41309.381   161.369     1.69    7.48
  41682.498   160.384    -2.64    9.05
  42055.718   159.887    -1.33    8.60
  42429.040   160.328     1.18    8.46
  42802.464   159.298    -2.76    8.55
  43175.990   161.704     6.44    9.74
  43549.619   166.899    13.90   12.50
  43923.351   172.727    15.59   13.14
  44297.185   177.976    14.04    9.94
  44671.121   180.427     6.55    7.21
  45045.161   182.855     6.49    6.12
  45419.303   188.001    13.76   11.04
  45793.549   196.579    22.92   18.26
  46167.897   205.570    24.02   19.47
  46542.349   213.290    20.62   16.82
  46916.904   212.388    -2.41   16.00
  47291.562   207.423   -13.25   15.45
  47666.323   199.565   -20.97   11.20
  48041.188   191.661   -21.08   10.94
  48416.157   186.053   -14.96   13.03
  48791.229   186.749     1.86   16.92
  49166.405   188.221     3.92   19.65
  49541.685   190.902     7.15   17.37
  49917.068   184.809   -16.23   18.04
  50292.556   174.145   -28.40   21.76
  50668.148   162.582   -30.79   18.22
  51043.844   159.794    -7.42   14.67
  51419.644   164.432    12.34   13.56
  51795.549   169.688    13.98    8.46
  52171.558   169.608    -0.21    7.13
  52547.671   164.356   -13.96    8.21
  52923.889   157.653   -17.82    7.20
  53300.212   153.579   -10.83    5.76
  53676.640   153.801     0.59    8.06
  54053.172   159.294    14.59   12.53
  54429.810   168.557    24.59   13.69
  54806.553   179.425    28.85   12.05
  55183.400   187.608    21.71   10.10
  55560.353   194.720    18.87    7.68
  55937.412   198.488     9.99    6.18
  56314.575   199.566     2.86    6.94
  56691.845   197.527    -5.40    8.74
  57069.219   193.142   -11.62   11.31
  57446.700   186.664   -17.16   13.33
  57824.286   177.650   -23.87   13.60
  58201.978   169.205   -22.36   14.82
  58579.777   159.080   -26.80   14.62
  58957.681   150.239   -23.40   13.94
  59335.691   141.298   -23.65   13.16
  59713.808   132.555   -23.12   11.76
  60092.030   127.520   -13.31    9.53
  60470.360   124.286    -8.55    7.72
  60848.795   119.635   -12.29   10.10
  61227.338   111.390   -21.78   14.93
  61605.987    98.664   -33.61   15.00
  61984.743    86.424   -32.32   11.27
  62363.605    77.919   -22.45    8.34
  62742.575    71.855   -16.00    7.05
  63121.652    67.505   -11.47    5.93
  63500.836    63.733    -9.95    4.86
  63880.127    61.157    -6.79    4.55
  64259.525    58.772    -6.29    4.30
  64639.031    55.688    -8.12    4.87
  65018.644    58.611     7.70   14.43
  65398.365    73.914    40.30   31.83
  65778.194    94.369    53.86   35.52
  66158.130   114.779    53.72   26.67
  66538.174   125.961    29.42   14.74
  66918.327   130.647    12.33   15.66
  67298.587   131.120     1.24   15.66
  67678.955   124.000   -18.72   22.04
  68059.432   112.214   -30.98   25.31
  68440.017   100.104   -31.82   18.92
  68820.711    94.831   -13.85   14.46
  69201.513   100.875    15.87   17.98
  69582.424   108.754    20.69   16.92
  69963.443   112.587    10.06   14.20
  70344.571   114.973     6.26   13.19
  70725.808   107.175   -20.46   19.51
  71107.154    92.287   -39.04   20.89
  71488.610    77.316   -39.25   14.30
  71870.174    70.008   -19.16    6.98
  72251.848    69.466    -1.42    6.00
  72633.631    73.256     9.93    7.72
  73015.523    79.609    16.64   10.50
  73397.525    87.763    21.35   12.08
  73779.637    92.905    13.46    9.90
  74161.859    95.611     7.08    8.02
  74544.190    98.481     7.51    8.48
  74926.631   101.449     7.76   10.04
  75309.183   108.448    18.30   13.39
  75691.844   125.424    44.36   22.64
  76074.616   140.416    39.17   26.98
  76457.498   157.460    44.52   26.60
  76840.491   168.574    29.02   21.46
  77223.594   171.395     7.37   21.11
  77601.044   169.436    -5.19   17.27
  77963.786   162.397   -19.40   17.41
  78326.622   150.585   -32.56   21.52
  78689.554   138.248   -33.99   19.94
  79052.581   129.574   -23.90   12.85
  79415.703   123.368   -17.09    8.82
  79778.921   116.364   -19.28   12.52
  80142.234   105.003   -31.27   15.75
  80505.642    96.145   -24.38   12.67
  80869.147    89.190   -19.13    7.27
  81232.746    86.771    -6.65    5.02
  81596.442    87.520     2.06    5.30
  81960.233    89.387     5.13    6.45
  82324.120    91.920     6.96    7.53
  82688.103    94.750     7.78    7.99
  83052.182    98.172     9.40    8.56
  83416.357   102.206    11.08    9.31
  83780.628   105.453     8.92    9.25
  84144.996   106.556     3.02    8.45
  84509.460   106.540    -0.04    7.47
  84874.020   107.601     2.91    8.46
  85238.677   112.133    12.43   11.98
  85603.431   125.133    35.64   25.06
  85968.281   149.409    66.54   35.05
  86333.227   166.594    47.09   29.84
  86698.271   182.316    43.07   25.99
  87063.412   195.816    36.97   31.61
  87428.649   194.122    -4.64   34.17
  87793.984   213.230    52.30   44.10
  88159.415   239.750    72.58   58.27
  88524.944   263.937    66.17   55.26
  88890.570   276.650    34.77   38.61
  89256.294   260.187   -45.02   44.64
  89622.115   230.118   -82.20   36.49
  89988.033   209.867   -55.34   26.30
  90354.049   195.513   -39.22   20.67
  90720.163   186.824   -23.73   16.36
  91086.375   184.368    -6.71   14.41
  91452.684   186.585     6.05   13.67
  91819.092   195.932    25.51   12.93
  92185.597   209.305    36.49   13.52
  92552.200   220.106    29.46   14.32
  92918.902   228.091    21.77   12.94
  93285.702   231.884    10.34   10.39
  93652.600   224.625   -19.79   17.33
  94019.597   211.971   -34.48   23.01
  94386.692   194.198   -48.42   24.37
  94753.885   176.415   -48.43   18.49
  95121.178   165.016   -31.04   11.33
  95488.569   158.213   -18.52    6.36
  95856.059   154.389   -10.41    7.01
  96223.647   149.983   -11.99    7.69
  96591.335   144.132   -15.91    7.55
  96959.122   137.780   -17.27    7.00
  97327.008   133.101   -12.72    5.77
  97694.993   129.286   -10.37    5.01
  98063.078   126.646    -7.17    4.25
  98431.262   124.838    -4.91    3.90
  98799.545   122.875    -5.33    3.72
  99167.928   121.122    -4.76    3.74
  99536.411   119.544    -4.28    4.46
  99904.993   118.603    -2.55    4.46
 100273.675   119.230     1.70    4.45
 100642.457   119.751     1.41    3.68
 101011.339   120.309     1.51    3.13
 101380.321   120.380     0.19    2.79
 101749.403   120.512     0.36    2.58
 102118.586   120.824     0.84    3.10
 102487.868   120.724    -0.27    3.87
 102857.252   120.425    -0.81    4.45
 103226.735   120.126    -0.81    5.62
 103596.319   119.615    -1.38    6.35
 103966.004   118.481    -3.07    6.91
 104335.790   118.590     0.30    6.87
 104705.676   119.981     3.76    5.10
 105075.663   120.276     0.80    4.63
 105445.751   121.483     3.26    3.42
 105815.941   121.508     0.07    3.94
 106186.231   121.919     1.11    4.31
 106556.623   121.592    -0.88    4.37
 106927.116   121.309    -0.76    3.91
 107297.710   120.157    -3.11    4.07
 107668.406   117.831    -6.28    4.86
 108039.203   116.130    -4.59    5.68
 108410.103   116.728     1.61    6.64
 108781.103   117.824     2.95    6.88
 109152.206   118.972     3.09    6.79
 109523.411   116.386    -6.97    7.89
 109894.717   112.327   -10.93    8.30
 110266.126   110.078    -6.06    8.14
 110637.637   110.721     1.73    9.88
 111009.250   111.124     1.08   10.23
 111380.965   109.846    -3.44    8.91
 111752.783   107.466    -6.40    7.92
 112124.704   105.004    -6.62    6.64
 112496.727   104.105    -2.41    7.47
 112868.853   103.646    -1.23   10.48
 113241.081   103.186    -1.24   12.07
 113613.412   101.327    -4.99   13.08
 113985.847    95.927   -14.50   14.12
 114358.384    91.140   -12.85   12.81
 114731.025    85.505   -15.12    8.62
 115103.768    81.424   -10.95    5.55
 115476.615    81.102    -0.86    6.49
 115849.566    81.962     2.31    6.66
 116222.620    82.298     0.90    6.17
 116595.777    83.853     4.17    4.23
 116969.038    83.284    -1.53    4.76
 117342.403    78.015   -14.11    9.27
 117715.872    71.050   -18.65   11.31
 118089.445    64.009   -18.85    8.84
 118463.121    62.669    -3.59    7.70
 118836.902    67.274    12.32   11.44
 119210.787    75.496    21.99   14.24
 119584.776    88.191    33.95   13.63
 119958.870    99.931    31.38   14.21
 120333.068   112.350    33.19   14.51
 120707.370   125.635    35.50   14.28
 121081.777   135.536    26.44   12.09
 121456.289   142.585    18.82    6.77
 121830.906   143.743     3.09    5.58
 122205.628   140.695    -8.14    6.70
 122580.454   136.145   -12.14    6.05
 122955.386   131.386   -12.69    4.98
 123330.423   129.483    -5.07    4.48
 123705.565   129.367    -0.31    5.37
 124080.813   130.889     4.06    6.11
 124456.166   133.077     5.83    6.15
 124831.624   137.992    13.09    6.02
 125207.188   145.259    19.35   10.48
 125582.858   151.590    16.85    9.76
 125958.634   153.824     5.95    8.24
 126334.515   151.181    -7.03    9.45
 126710.503   144.461   -17.87   10.96
 127086.596   136.083   -22.28    8.76
 127462.796   130.910   -13.75    6.46
 127839.102   128.824    -5.54    4.99
 128215.515   129.971     3.05    6.42
 128592.034   128.558    -3.75    8.61
 128968.659   124.416   -11.00   12.74
 129345.391   115.012   -24.96   14.91
 129722.230   105.238   -25.94   13.09
 130099.175    97.667   -20.09    9.76
 130476.228    93.616   -10.74    7.04
 130853.387    92.224    -3.69    8.49
 131230.654    91.778    -1.18    9.46
 131608.028    92.155     1.00    9.11
 131985.509    93.774     4.29    9.56
 132363.097    97.793    10.65   10.09
 132740.793   102.245    11.79   10.65
 133118.597   104.024     4.71    9.90
 133496.508   103.535    -1.29   10.01
 133874.527   101.348    -5.78    8.55
 134252.653    98.919    -6.43    6.56
 134630.888    97.211    -4.52    5.75
 135009.231    94.718    -6.59    5.33
 135387.681    93.012    -4.51    5.02
 135766.241    89.274    -9.88    5.45
 136144.908    88.198    -2.84    6.10
 136523.684    90.542     6.19    8.65
 136902.568    93.059     6.65   10.95
 137281.561    91.896    -3.07   12.25
 137660.662    86.030   -15.47   14.93
 138039.873    75.965   -26.54   12.69
 138419.192    70.248   -15.07   10.52
 138798.620    68.919    -3.50   10.05
 139178.157    68.982     0.17    9.30
 139557.804    68.824    -0.42    6.83
 139937.560    68.203    -1.63    5.18
 140317.425    66.155    -5.39    4.85
 140697.399    64.309    -4.86    4.83
 141077.484    62.428    -4.95    3.98
 141457.677    60.909    -3.99    4.29
 141837.981    59.548    -3.58    4.03
 142218.394    60.552     2.64    4.12
 142598.918    61.597     2.75    4.24
 142979.551    63.357     4.62    5.52
 143360.294    66.561     8.42    7.26
 143741.148    75.264    22.85   15.35
 144122.112    92.409    45.01   24.65
 144503.187   111.500    50.10   25.32
 144884.372   128.693    45.11   16.90
 145265.667   135.088    16.77    8.66
 145647.074   133.911    -3.09    8.66
 146028.591   127.605   -16.53    9.10
 146410.219   119.961   -20.03   10.44
 146791.958   110.919   -23.69   11.43
 147173.808   101.579   -24.46   10.36
 147555.770    94.838   -17.65    8.21
 147937.843    89.870   -13.00    5.50
 148320.027    87.116    -7.21    4.23
 148702.322    84.766    -6.15    3.40
 149084.730    82.466    -6.02    4.35
 149467.249    79.719    -7.18    5.23
 149849.880    77.890    -4.78    5.55
 150232.622    79.766     4.90    7.60
 150615.477    80.324     1.46    7.16
 150998.444    79.682    -1.68    7.01
 151381.523    81.916     5.83    9.67
 151764.714    85.507     9.37   11.28
 152148.018    93.838    21.74   11.66
 152514.269   103.036    25.12   13.03
 152876.926   113.526    28.93   14.47
 153239.679   124.093    29.13   14.06
 153602.528   132.138    22.17   13.04
 153965.474   136.395    11.73   11.64
 154328.516   137.550     3.18   11.70
 154691.654   136.253    -3.57   12.15
 155054.889   133.259    -8.24   12.66
 155418.220   133.256    -0.01   12.09
 155781.648   135.957     7.43   13.80
 156145.173   140.027    11.20   13.36
 156508.794   141.380     3.72   12.60
 156872.512   136.509   -13.39   16.07
 157236.327   125.294   -30.83   18.00
 157600.240   111.353   -38.31   17.77
 157964.249    98.133   -36.32   16.21
 158328.356    88.164   -27.38   12.32
 158692.559    83.751   -12.12   10.05
 159056.860    84.331     1.59   10.52
 159421.259    86.746     6.63   10.41
 159785.755    88.534     4.91    8.46
 160150.349    86.263    -6.23    7.98
 160515.040    79.096   -19.65   14.70
 160879.829    71.651   -20.41   16.63
 161244.716    67.057   -12.59   16.08
 161609.701    66.816    -0.66   14.77
