# NaN NaN NaN ;Mean Elev.(m), Avg Gradient(m/km), RMS Gradient(m/km) - SRTM1     
#   70.523     NaN     NaN ;Mean Elev.(m), Avg Gradient(m/km), RMS Gradient(m/km) - ASTER GDEM
#    3.006   0.310   6.038 ;Mean Elev.(m), Avg Gradient(m/km), RMS Gradient(m/km) - GMTED2010 
  7  85.826496  73.400865    54.238    52.273 20 52460.26193211 13.785
  9  85.836935  73.395736     0.696     0.348 24 52530.26191128 17.908
 10  85.831748  73.395616    -0.255    -0.242 23 52565.26192992 31.672
 12  85.826054  73.396240    -0.256    -0.259 24 52635.26191269 15.487
 13  85.834153  73.408349     0.066     0.046 20 52670.26191943 13.906
 14  85.829020  73.395764     0.052     0.008 24 52705.26191195 17.039
 15  85.846527  73.416618     0.441     0.435 17 52740.26194310 13.411
 16  85.849025  73.422142     0.079     0.166 16 52775.26188917 27.259
 17  85.828762  73.396399     4.177     4.219 24 52810.26196851 36.190
 18  85.830280  73.396574     0.098     0.035 23 52845.26202449 27.155
 19  85.830626  73.404311    -1.252    -1.026 20 52880.26206077 30.342
 20  85.846777  73.418054     0.868     0.692 17 52915.26201563 46.699
 22  85.833175  73.400928     0.465     0.455 21 52985.26200225 22.200
 23  85.846355  73.416308    -0.148    -0.121 18 53020.26199007 19.702
 24  85.831862  73.396508     0.166     0.007 23 53055.26198065 15.127
 25  85.816427  73.410385    -0.094    -0.040 16 53090.26201641 14.286
 26  85.830618  73.396908     0.310     0.009 24 53125.26198848 12.322
 27  85.833688  73.406749    -0.014    -0.056 19 53160.26204744 13.618
 28  85.830927  73.403910     2.913     2.676 21 53195.26204453 19.973
 29  85.830947  73.405011     2.578     2.416 21 53230.26203197 19.269
 30  85.854320  73.428919     1.288     1.283 15 53265.26199816 28.404
 31  85.831176  73.403361    -0.090    -0.118 21 53300.26205004 34.020
 32  85.834712  73.407981    -0.258    -0.250 19 53335.26202023 17.610
 33  85.848257  73.423377     0.176     0.237 17 53370.26195628 15.846
 35  85.847504  73.421955     0.200     0.296 17 53440.26197720 12.854
 36  85.829839  73.401765    -0.052    -0.034 22 53475.26204465 10.707
 37  85.835967  73.406558     2.705     2.416 19 53510.26205953  7.729
 38  85.851024  73.418789     5.618     5.557 17 53545.26207369 31.308
 40  85.816238  73.410154     0.316     0.349 16 53615.26200704 47.673
 41  85.829234  73.398412     0.345     0.335 22 53650.26201911 23.673
 42  85.847093  73.416046     0.054    -0.005 18 53685.26202589 20.645
 43  85.848604  73.421180    -0.164    -0.230 17 53720.26195134 15.615
 44  85.835802  73.395362     0.152     0.122 24 53755.26188080 14.757
 45  85.830626  73.405374     0.322     0.341 21 53790.26190865 15.121
 46  85.842322  73.394921     0.657     0.433 24 53825.26186623 11.370
 47  85.833627  73.403194     0.142     0.097 21 53860.26195891 10.930
 49  85.846730  73.417371     2.572     2.882 17 53930.26202768 15.992
 50  85.850200  73.421256     2.537     2.854 16 53965.26200512 20.463
 51  85.843797  73.394334     1.165     0.708 23 54000.26196657 23.938
 52  85.828405  73.398623    -0.145    -0.115 23 54035.26200976 26.222
 53  85.831907  73.405746    -0.141    -0.142 21 54070.26200275 15.695
 54  85.817854  73.410719     0.026     0.042 16 54105.26195640 13.449
 55  85.827742  73.398379    -0.136    -0.221 22 54140.26193591 11.584
 56  85.847771  73.419199    -0.152    -0.157 17 54175.26193419  9.978
 57  85.832866  73.401792     0.765     0.600 21 54210.26194184 10.138
 58  85.832126  73.404368     0.594     0.448 21 54245.26197178 10.005
 59  85.832309  73.404930     3.728     3.305 21 54280.26198304 47.081
 60  85.832174  73.407093    -0.225    -0.052 20 54315.26198199 25.193
 61  85.843712  73.418277     0.726    -0.277 17 54350.26194833 22.264
 62  85.832576  73.401661     0.755     0.776 21 54385.26192148 34.073
 63  85.848777  73.419351     0.010    -0.007 17 54420.26189777 18.935
 64  85.834638  73.396585     0.101     0.105 24 54455.26189415 13.909
 65  85.838379  73.411415     0.246     0.282 20 54490.26189973 12.536
 66  85.833540  73.401148     0.056    -0.012 21 54525.26190638 11.212
 67  85.847151  73.418786     0.100     0.099 17 54560.26190711 10.872
 68  85.829861  73.404506     0.041     0.030 20 54595.26190173 10.266
 69  85.829010  73.404915     2.909     2.724 20 54630.26191586  8.180
 70  85.830724  73.405418     3.009     3.052 21 54665.26192232 21.324
 71  85.845763  73.419203     2.037     2.634 17 54700.26188980 20.062
 72  85.826728  73.395982     0.225    -0.024 23 54735.26188287 22.306
 73  85.835588  73.409692     0.476     0.478 19 54770.26187213 27.055
 74  85.826522  73.396886    -0.081    -0.069 24 54805.26187662 20.648
 75  85.830177  73.404932    -0.105     0.006 21 54840.26186787 17.714
 76  85.830540  73.401680    -0.223    -0.153 22 54875.26187635 16.661
 77  85.848313  73.421732    -0.157    -0.166 16 54910.26187055 15.634
 78  85.832003  73.401102     0.121     0.111 21 54945.26186901 15.680
 79  85.832455  73.406908     0.068     0.083 19 54980.26189456 34.971
 80  85.829069  73.404839     3.442     3.572 20 55015.26189784 23.252
 81  85.834969  73.407089     1.559     1.870 19 55050.26189132 22.078
 82  85.847184  73.422658     0.258     0.149 17 55085.26185509 25.163
 83  85.828321  73.397231    -0.050     0.161 23 55120.26182616 35.647
 84  85.846194  73.416918    -0.095    -0.091 18 55155.26181586 21.707
 85  85.830489  73.398311    -0.239    -0.249 22 55190.26181520 17.335
 86  85.846782  73.415834     0.374     0.441 18 55225.26181605 20.707
 87  85.832348  73.404008    -0.159    -0.045 20 55260.26181009 18.756
 88  85.850425  73.421279    -0.061    -0.198 16 55295.26180086 19.507
 89  85.832190  73.406664     0.176     0.167 19 55330.26179093 12.513
 90  85.849028  73.417367     3.733     3.748 18 55365.26178257 31.671
 91  85.825462  73.396164     1.583     0.745 23 55400.26179832 26.209
 92  85.830585  73.406154     2.984     3.046 21 55435.26180161 19.078
 93  85.817898  73.409813     0.389     0.403 16 55470.26175498 52.164
