 -73407.289    46.670     0.00    6.46
 -73027.370    48.458     4.71    2.98
 -72647.346    48.330    -0.34    2.99
 -72267.219    46.677    -4.35    3.41
 -71886.987    44.893    -4.69    3.22
 -71506.651    43.241    -4.34    2.48
 -71126.210    42.504    -1.94    2.36
 -70745.665    41.533    -2.55    3.13
 -70365.015    41.456    -0.20    3.68
 -69984.260    40.905    -1.45    3.81
 -69603.401    40.060    -2.22    4.05
 -69222.436    38.543    -3.98    4.96
 -68841.367    34.973    -9.37    5.03
 -68460.193    33.417    -4.08    4.76
 -68078.913    32.300    -2.93    4.30
 -67697.529    31.560    -1.94    4.15
 -67316.039    31.126    -1.14    4.16
 -66934.443    29.729    -3.66    4.31
 -66552.742    27.361    -6.20    5.12
 -66170.936    26.179    -3.10    5.64
 -65789.024    24.173    -5.25    6.32
 -65407.006    22.610    -4.09    6.50
 -65024.882    21.322    -3.37    7.30
 -64642.653    19.290    -5.32    7.07
 -64260.317    17.753    -4.02    6.38
 -63877.875    17.290    -1.21    6.45
 -63495.327    20.607     8.67    7.13
 -63112.673    24.173     9.32    7.87
 -62729.912    28.500    11.31   11.56
 -62349.663    38.007    25.00   14.47
 -61986.603    48.282    28.30   13.06
 -61623.450    57.850    26.35   11.20
 -61260.205    62.885    13.86   12.62
 -60896.867    68.557    15.61   15.02
 -60533.437    73.492    13.58   16.16
 -60169.913    75.716     6.12   13.75
 -59806.297    73.682    -5.59   12.96
 -59442.588    64.232   -25.98   14.14
 -59078.787    53.015   -30.83   14.65
 -58714.892    46.893   -16.82   11.08
 -58350.904    47.692     2.19   12.06
 -57986.823    57.745    27.61   21.54
 -57622.648    69.165    31.36   22.44
 -57258.381    75.817    18.26   17.64
 -56894.020    70.062   -15.79   21.29
 -56529.565    56.826   -36.32   23.14
 -56165.017    43.677   -36.07   15.72
 -55800.375    37.732   -16.30    8.25
 -55435.640    35.518    -6.07    5.12
 -55070.811    35.125    -1.08    4.25
 -54705.888    34.159    -2.65    4.18
 -54340.871    33.128    -2.83    3.21
 -53975.761    33.042    -0.24    2.86
 -53610.556    34.151     3.04    3.04
 -53245.257    33.909    -0.66    3.86
 -52879.864    33.904    -0.01    4.28
 -52514.377    34.815     2.49    4.49
 -52148.795    38.653    10.50    8.51
 -51783.119    48.800    27.75   16.58
 -51417.348    62.859    38.43   20.59
 -51051.483    70.212    20.10   16.64
 -50685.523    71.550     3.66   16.39
 -50319.469    66.956   -12.55   15.14
 -49953.320    60.854   -16.66    9.48
 -49587.075    62.618     4.82    9.01
 -49220.736    73.518    29.75   17.53
 -48854.302    85.018    31.38   23.18
 -48487.773   101.033    43.69   20.88
 -48121.149   112.550    31.41   14.04
 -47754.430   118.346    15.81    6.92
 -47387.615   118.015    -0.90    6.19
 -47020.705   113.048   -13.54    7.26
 -46653.699   108.641   -12.01    5.58
 -46286.598   106.780    -5.07    4.54
 -45919.401   105.995    -2.14    5.00
 -45552.108   105.921    -0.20    6.67
 -45184.720   101.825   -11.15   11.09
 -44817.236    94.014   -21.26   12.56
 -44449.656    88.282   -15.59   11.34
 -44081.980    82.083   -16.86    8.62
 -43714.208    78.316   -10.24    6.88
 -43346.340    75.223    -8.41    5.89
 -42978.376    73.031    -5.96    4.72
 -42610.315    72.214    -2.22    3.41
 -42242.158    72.999     2.13    3.17
 -41873.905    74.659     4.51    3.19
 -41505.555    76.417     4.77    4.23
 -41137.108    77.383     2.62    5.15
 -40768.565    75.948    -3.89    6.78
 -40399.925    74.169    -4.83    7.34
 -40031.188    72.556    -4.37    6.21
 -39662.354    71.145    -3.82    5.18
 -39293.424    69.393    -4.75    4.50
 -38924.396    67.254    -5.80    4.93
 -38555.271    64.807    -6.63    5.64
 -38186.049    63.598    -3.28    5.27
 -37816.729    61.952    -4.46    4.55
 -37447.313    60.755    -3.24    4.36
 -37077.798    59.473    -3.47    4.19
 -36708.187    57.346    -5.75    3.57
 -36338.477    56.006    -3.62    2.97
 -35968.670    55.731    -0.74    3.52
 -35598.766    56.804     2.90    4.68
 -35228.763    57.909     2.99    4.53
 -34858.662    59.179     3.43    3.99
 -34488.464    59.050    -0.35    3.92
 -34118.167    58.804    -0.66    3.98
 -33747.773    61.078     6.14    5.28
 -33377.280    63.921     7.67    5.94
 -33006.688    67.102     8.58    6.47
 -32635.999    69.921     7.60    6.79
 -32265.210    70.502     1.57    6.95
 -31894.324    70.809     0.83    6.21
 -31523.338    72.987     5.87    6.57
 -31152.254    75.624     7.11    6.15
 -30781.072    78.970     9.01    5.73
 -30409.790    81.221     6.06    5.95
 -30038.409    81.135    -0.23    6.22
 -29666.930    78.917    -5.97    7.05
 -29295.351    75.784    -8.43    8.06
 -28923.673    73.604    -5.86    8.21
 -28551.896    76.697     8.32   10.83
 -28180.019    84.843    21.91   15.97
 -27808.043    95.881    29.67   17.01
 -27435.968   103.128    19.48   12.80
 -27063.793   101.823    -3.51   15.07
 -26691.518    91.612   -27.43   19.48
 -26319.144    78.932   -34.05   14.03
 -25946.669    71.846   -19.02    7.32
 -25574.095    69.665    -5.86    5.33
 -25201.421    72.254     6.95    6.53
 -24828.647    74.850     6.96    6.47
 -24455.772    76.675     4.89    5.49
 -24082.797    79.417     7.35    6.77
 -23709.723    83.100     9.87   11.11
 -23336.547    86.971    10.38   11.35
 -22963.271    91.209    11.35    9.84
 -22589.895    95.392    11.20    8.70
 -22216.418    95.393     0.00   10.55
 -21842.840    98.940     9.49   11.85
 -21469.161   100.790     4.95   12.19
 -21095.382   103.194     6.43   11.75
 -20721.502   106.812     9.68   11.37
 -20347.520   110.370     9.51   14.02
 -19973.437   116.394    16.10   15.59
 -19599.254   122.351    15.92   13.73
 -19224.968   125.768     9.13   11.14
 -18850.582   127.223     3.89   11.69
 -18476.094   126.845    -1.01   12.55
 -18101.504   128.755     5.10   12.70
 -17726.813   130.783     5.41   13.39
 -17352.020   129.128    -4.42   14.26
 -16977.125   124.626   -12.01   13.92
 -16602.129   117.831   -18.12   13.08
 -16227.030   110.831   -18.66   13.78
 -15851.830   101.120   -25.88   15.34
 -15476.527    89.503   -30.95   17.66
 -15101.122    78.248   -29.98   16.85
 -14725.614    70.917   -19.52   14.21
 -14350.005    64.596   -16.83   13.73
 -13974.293    59.840   -12.66   12.79
 -13598.478    55.705   -11.00   10.40
 -13222.561    52.750    -7.86    9.23
 -12846.540    49.323    -9.11    9.40
 -12470.418    46.346    -7.91   10.43
 -12094.192    41.340   -13.31   11.40
 -11717.863    35.827   -14.65   12.11
 -11341.431    30.852   -13.22   12.13
 -10964.896    26.440   -11.72   10.94
 -10588.258    22.472   -10.54    9.48
 -10211.516    18.485   -10.58    9.39
  -9834.671    14.417   -10.80    8.66
  -9457.723    11.217    -8.49    7.41
  -9080.671     8.732    -6.59    5.10
  -8703.515     8.302    -1.14    5.23
  -8326.256    10.951     7.02    8.45
  -7948.892    12.993     5.41   10.44
  -7571.425    14.215     3.24   11.18
  -7193.854    11.440    -7.35    8.76
  -6816.179     8.989    -6.49    5.52
  -6438.399     7.893    -2.90    4.83
  -6060.515     8.850     2.53    6.48
  -5682.527     9.905     2.79    8.17
  -5304.435    11.026     2.96    8.81
  -4926.237     9.681    -3.56    7.65
  -4547.936     8.440    -3.28    5.75
  -4169.529     7.727    -1.88    4.87
  -3791.018     7.716    -0.03    5.25
  -3412.402     7.478    -0.63    6.24
  -3033.681     6.108    -3.62    5.78
  -2654.855     5.008    -2.90    3.73
  -2275.923     4.587    -1.11    2.41
  -1896.887     4.440    -0.39    2.43
  -1517.745     4.012    -1.13    3.37
  -1138.498     3.392    -1.63    3.95
   -759.145     2.661    -1.93    4.24
   -379.687     1.849    -2.14    3.78
     -0.123     1.585    -0.70    3.58
    379.547     1.699     0.30    3.34
    759.323     2.204     1.33    3.32
   1139.204     3.263     2.79    3.00
   1519.192     4.271     2.65    2.36
   1899.286     5.307     2.73    1.32
   2279.486     8.208     7.63    6.67
   2659.792    12.734    11.90   10.41
   3040.204    17.517    12.57   10.19
   3420.724    24.735    18.97   11.79
   3801.349    35.753    28.95   15.00
   4182.082    49.510    36.13   19.55
   4562.921    67.489    47.21   21.52
   4943.867    82.615    39.71   19.78
   5324.919    91.122    22.32   13.85
   5706.079    92.308     3.11   12.60
   6087.346    91.033    -3.34   12.29
   6468.720    84.344   -17.54   13.32
   6850.202    79.638   -12.34   12.23
   7231.791    77.917    -4.51   10.72
   7613.487    75.040    -7.54    9.44
   7995.291    76.131     2.86    9.93
   8377.202    75.326    -2.11   11.55
   8759.222    71.091   -11.09   11.15
   9141.349    65.642   -14.26   11.24
   9523.584    59.727   -15.47   12.45
   9905.927    57.796    -5.05   13.05
  10288.378    58.450     1.71   15.33
  10670.937    59.056     1.58   15.97
  11053.605    59.078     0.06   14.03
  11436.381    58.986    -0.24   12.18
  11819.266    59.129     0.37   11.25
  12202.259    58.621    -1.32   12.53
  12571.530    57.621    -2.71   11.47
  12934.467    58.794     3.23   12.05
  13297.499    61.905     8.57   11.58
  13660.624    70.027    22.37   14.18
  14023.843    79.547    26.21   12.19
  14387.156    83.893    11.96   11.33
  14750.564    83.296    -1.64   14.16
  15114.065    81.124    -5.98   15.59
  15477.661    77.531    -9.88   13.99
  15841.352    74.378    -8.67   13.24
  16205.136    73.030    -3.71   12.61
  16569.016    70.187    -7.82   12.26
  16932.990    75.393    14.31   17.49
  17297.058    88.644    36.40   22.60
  17661.222   102.078    36.89   24.55
  18025.480   115.057    35.63   18.88
  18389.833   119.318    11.69   14.27
  18754.281   117.608    -4.69   13.43
  19118.824   109.181   -23.12   17.44
  19483.462    95.088   -38.65   20.25
  19848.196    81.255   -37.93   19.04
  20213.025    66.780   -39.68   11.25
  20577.949    60.386   -17.52    6.80
  20942.968    59.311    -2.95    6.22
  21308.083    61.046     4.75    7.32
  21673.294    63.371     6.37    9.37
  22038.600    64.189     2.24   10.47
  22404.002    62.121    -5.66   11.27
  22769.500    60.401    -4.70   10.38
  23135.094    60.796     1.08   10.61
  23500.784    62.275     4.05   11.79
  23866.569    66.879    12.59   13.03
  24232.451    67.394     1.41   12.12
  24598.429    64.845    -6.96    9.09
  24964.504    58.684   -16.83    9.08
  25330.675    50.576   -22.14    9.68
  25696.942    42.661   -21.61    9.97
  26063.305    34.448   -22.42   10.65
  26429.766    26.447   -21.83   10.41
  26796.323    18.133   -22.68    9.25
  27162.976    11.611   -17.79    6.51
  27529.727     7.878   -10.18    4.10
  27896.574     5.963    -5.22    2.30
  28263.519     5.976     0.04    2.42
  28630.560     6.096     0.33    2.41
  28997.699     6.508     1.12    2.59
  29364.935     7.094     1.59    2.39
  29732.268     7.811     1.95    2.25
  30099.698     8.601     2.15    2.18
  30467.226     9.721     3.05    3.02
  30834.852    11.803     5.66    4.41
  31202.575    14.271     6.71    5.91
  31570.396    16.696     6.59    7.11
  31938.314    19.296     7.07    7.14
  32306.330    21.905     7.09    7.11
  32674.445    26.050    11.26    7.74
  33042.657    31.652    15.21    7.60
  33410.968    35.676    10.93    5.48
  33779.376    37.057     3.75    5.06
  34147.883    35.114    -5.27    6.44
  34516.488    32.127    -8.10    7.18
  34885.192    28.169   -10.74    7.08
  35253.994    24.197   -10.77    6.65
  35622.894    21.974    -6.03    5.56
  35991.893    21.246    -1.97    6.10
  36360.991    22.152     2.45    6.71
  36730.188    25.508     9.09    7.51
  37099.484    31.424    16.02    7.65
  37468.879    37.156    15.51    8.28
  37838.372    42.024    13.18    7.90
  38207.965    46.294    11.55    8.95
  38577.657    49.178     7.80    9.77
  38947.448    51.663     6.72    8.60
  39317.339    54.448     7.53    6.57
  39687.329    55.561     3.01    4.91
  40057.419    56.128     1.53    4.61
  40427.608    57.279     3.11    6.70
  40797.897    58.665     3.74    8.59
  41168.286    61.221     6.90    9.55
  41538.775    65.871    12.55   10.15
  41909.363    70.141    11.52   11.09
  42280.052    74.393    11.47   11.23
  42650.841    76.476     5.62   11.35
  43021.730    74.750    -4.65   10.69
  43392.719    71.852    -7.81    9.11
  43763.808    71.646    -0.55    6.84
  44134.998    74.988     9.00    9.11
  44506.289    81.345    17.12   10.43
  44877.680    86.454    13.76    7.49
  45249.172    86.875     1.13    5.44
  45620.765    83.004   -10.42    7.66
  45992.458    76.144   -18.46    8.67
  46364.252    70.141   -16.15    7.71
  46736.148    65.393   -12.77    6.70
  47108.144    64.605    -2.12    8.37
  47480.242    68.902    11.55   12.49
  47852.441    78.109    24.74   16.13
  48224.741    87.276    24.62   16.76
  48597.143    94.258    18.75   15.52
  48969.647    94.068    -0.51   16.89
  49342.251    85.623   -22.67   22.06
  49714.958    69.032   -44.51   25.91
  50087.767    48.684   -54.58   25.97
  50460.677    32.253   -44.06   22.07
  50833.689    16.025   -43.51   13.36
  51206.803     8.678   -19.69    8.19
  51580.020     5.685    -8.02    4.42
  51953.338     4.948    -1.97    3.28
  52326.759     4.913    -0.10    2.98
  52700.282     4.790    -0.33    2.95
  53073.908     4.107    -1.83    2.61
  53447.636     3.972    -0.36    2.36
  53821.467     4.469     1.33    2.55
  54195.401     5.348     2.35    2.99
  54569.437     5.661     0.84    3.56
  54943.577     6.040     1.01    3.70
  55317.819     5.538    -1.34    3.77
  55692.164     5.086    -1.21    3.82
  56066.613     4.218    -2.32    3.27
  56441.164     3.984    -0.63    3.06
  56815.819     4.088     0.28    2.88
  57190.578     4.683     1.59    2.51
  57565.440     4.735     0.14    2.46
  57940.405     5.562     2.20    2.42
  58315.474     5.855     0.78    2.73
  58690.647     5.932     0.20    3.20
  59065.924     6.035     0.28    3.62
  59441.305     4.778    -3.35    3.62
  59816.789     4.312    -1.24    3.14
  60192.378     3.997    -0.84    3.05
  60568.071     4.461     1.24    3.20
  60943.869     5.026     1.50    3.29
  61319.770     6.441     3.76    4.15
  61695.776     7.514     2.86    5.25
  62071.887     7.093    -1.12    5.47
  62448.102     6.648    -1.19    6.27
  62824.422     5.380    -3.37    5.71
  63200.847     4.493    -2.36    5.65
  63577.377     5.432     2.49    6.01
  63954.012     5.165    -0.71    5.61
  64330.751     4.448    -1.90    5.41
  64707.596     2.995    -3.86    4.05
  65084.547     3.076     0.22    3.76
  65461.602     4.203     2.99    3.87
  65838.763     4.920     1.90    3.89
  66216.030     4.387    -1.41    4.07
  66593.402     3.871    -1.37    4.28
  66970.880     4.224     0.93    4.42
  67348.463     3.708    -1.37    3.87
  67726.153     3.725     0.04    3.49
  68103.948     5.103     3.65    3.39
  68481.850     6.753     4.36    3.10
  68859.857     8.424     4.42    1.94
  69237.971     8.537     0.30    1.97
  69616.192     7.305    -3.26    2.96
  69994.518     6.313    -2.62    3.24
  70372.951     4.905    -3.72    3.53
  70751.491     3.795    -2.93    3.59
  71130.138     3.066    -1.92    3.66
  71508.891     1.370    -4.48    3.01
  71887.751     1.829     1.21    4.25
  72266.718     5.659    10.11    9.94
  72645.793     9.455    10.01   10.96
  73024.974    10.711     3.31    9.94
  73404.263    10.758     0.12    9.79
  73783.658     6.733   -10.61    7.49
  74163.162     3.593    -8.27    2.28
  74542.773     2.818    -2.04    1.02
  74922.491     3.042     0.59    1.47
  75302.317     2.486    -1.46    1.87
  75682.252     2.023    -1.22    2.03
  76062.293     1.708    -0.83    2.09
  76442.443     1.845     0.36    2.51
  76822.701     2.490     1.70    2.90
  77203.068     2.869     0.99    3.57
  77583.542     3.253     1.01    4.12
  77964.125     2.650    -1.58    3.97
  78344.816     1.977    -1.77    4.07
  78725.616     2.137     0.42    3.85
  79106.524     1.800    -0.89    3.86
  79487.541     1.655    -0.38    3.96
  79868.667     1.782     0.33    3.96
  80249.902     1.811     0.08    3.70
  80631.246     2.306     1.30    3.84
  81012.699     3.335     2.70    4.27
  81394.262     3.115    -0.58    4.25
  81775.933     2.895    -0.58    4.10
  82157.714     3.243     0.91    3.97
  82539.605     3.312     0.18    3.46
  82921.605     3.454     0.37    3.40
  83303.714     2.882    -1.50    3.33
  83685.934     2.424    -1.20    3.03
  84068.263     2.782     0.94    3.33
  84450.702     2.730    -0.14    3.49
  84833.252     2.645    -0.22    2.86
  85215.911     2.745     0.26    3.36
  85598.681     2.837     0.24    3.68
  85981.561     3.715     2.29    3.95
  86364.552     4.943     3.20    4.65
  86747.653     5.313     0.97    4.42
  87126.311     4.700    -1.62    4.48
  87489.047     4.126    -1.58    4.00
  87851.878     2.902    -3.37    3.66
  88214.805     3.071     0.47    3.76
  88577.826     3.311     0.66    4.48
  88940.943     3.579     0.74    4.78
  89304.155     3.204    -1.03    4.41
  89667.463     2.682    -1.43    4.10
  90030.866     1.924    -2.09    3.61
  90394.364     1.755    -0.47    3.20
  90757.958     1.348    -1.12    3.15
  91121.648     1.492     0.40    3.37
  91485.434     1.704     0.58    3.37
  91849.316     1.543    -0.44    3.19
  92213.293     1.094    -1.23    2.95
  92577.367     1.159     0.18    2.62
  92941.536     1.044    -0.32    2.33
  93305.802     1.125     0.22    2.40
  93670.165     1.637     1.41    2.58
  94034.623     1.595    -0.12    3.15
  94399.178     1.612     0.05    3.79
  94763.829     1.372    -0.66    3.91
  95128.577     1.123    -0.68    3.81
  95493.422     1.461     0.93    3.60
  95858.364     2.409     2.60    3.59
  96223.402     2.628     0.60    3.48
  96588.537     2.550    -0.21    3.24
  96953.769     3.964     3.87    4.18
  97319.098     5.641     4.59    4.31
  97684.525     6.256     1.68    5.55
  98050.048     6.051    -0.56    6.35
  98415.669     5.320    -2.00    7.17
  98781.387     3.920    -3.83    7.75
  99147.203     2.165    -4.80    7.25
  99513.116     1.101    -2.91    7.11
  99879.127     0.207    -2.44    6.82
 100245.235    -0.377    -1.60    6.79
 100611.442     0.132     1.39    8.06
 100977.746     0.211     0.21    8.61
 101344.148    -0.134    -0.94    8.78
 101710.648    -0.671    -1.46    8.59
 102077.246    -2.294    -4.43    6.66
 102443.943    -3.050    -2.06    6.14
 102810.737    -3.703    -1.78    5.77
 103177.630    -4.218    -1.40    5.20
 103544.622    -2.135     5.68    7.37
 103911.712     2.402    12.36   10.73
 104278.900     8.170    15.71   11.75
 104646.187    12.608    12.08   10.88
 105013.573    15.165     6.96    9.88
 105381.058    14.861    -0.83    9.63
 105748.641    12.569    -6.24   10.02
 106116.324    11.645    -2.51   10.37
 106484.106    11.255    -1.06   10.59
 106851.987    10.762    -1.34    9.94
 107219.967     9.881    -2.40    9.65
 107588.046     7.120    -7.50    9.62
 107956.225     3.409   -10.08    8.82
 108324.503    -0.350   -10.21    7.11
 108692.881    -2.815    -6.69    5.16
 109061.359    -2.746     0.19    4.89
 109429.936    -2.518     0.62    4.96
 109798.613    -2.792    -0.74    4.74
 110167.390    -3.554    -2.06    4.19
 110536.267    -4.569    -2.75    3.34
 110905.244    -5.341    -2.09    2.27
 111274.321    -5.537    -0.53    2.08
 111643.498    -4.975     1.52    3.21
 112012.776    -4.671     0.82    3.55
 112382.154    -3.514     3.13    3.97
 112751.633    -1.938     4.26    4.42
 113121.212    -0.757     3.20    4.21
 113490.892    -0.414     0.93    4.18
 113860.672    -1.757    -3.63    4.61
 114230.554    -3.196    -3.89    4.45
 114600.536    -4.544    -3.64    4.05
 114970.619    -5.634    -2.94    3.00
 115340.804    -6.330    -1.88    1.40
 115711.089    -6.583    -0.68    0.00
 116081.476    -6.583     0.00    0.00
 116451.964    -6.583     0.00    0.00
 116822.553    -6.583     0.00    0.00
 117193.244    -6.583     0.00    0.00
 117564.037    -6.576     0.02    0.09
 117934.931    -6.560     0.04    0.20
 118305.927    -6.532     0.08    0.60
 118677.025    -6.583    -0.14    0.00
 119048.225    -6.583     0.00    0.00
 119419.527    -6.583     0.00    0.00
 119790.931    -6.033     1.48    2.30
 120162.437    -2.703     8.96    7.19
 120534.045     0.809     9.45    8.58
 120905.756     2.258     3.90    8.52
 121277.569     2.508     0.67    8.61
 121649.484    -0.883    -9.12    7.85
 122021.503    -3.926    -8.18    6.09
 122393.624    -5.949    -5.44    3.26
 122765.847    -6.583    -1.70    0.00
 123138.174    -6.583     0.00    0.00
 123510.604    -6.583     0.00    0.00
 123883.136    -6.583     0.00    0.00
 124255.772    -6.583     0.00    0.00
 124628.511    -6.583     0.00    0.00
 125001.354    -6.583     0.00    0.00
 125374.299    -6.583     0.00    0.00
 125747.349    -6.583     0.00    0.00
 126120.501    -6.583     0.00    0.00
 126493.758    -6.583     0.00    0.00
 126867.118    -6.583     0.00    0.00
 127240.582    -6.583     0.00    0.00
 127614.150    -6.583     0.00    0.00
 127987.822    -6.583     0.00    0.00
 128361.598    -6.583     0.00    0.00
 128735.479    -6.583     0.00    0.00
 129109.463    -6.583     0.00    0.00
 129483.552    -6.583     0.00    0.00
 129857.746    -6.583     0.00    0.00
 130232.044    -6.583     0.00    0.00
 130606.446    -6.583     0.00    0.00
 130980.954    -6.583     0.00    0.00
 131355.566    -6.583     0.00    0.00
 131730.283    -6.583     0.00    0.00
 132105.105    -6.583     0.00    0.00
 132480.033    -6.583     0.00    0.00
 132855.065    -6.583     0.00    0.00
 133230.203    -6.583     0.00    0.00
 133605.446    -6.583     0.00    0.00
 133980.794    -6.583     0.00    0.00
 134356.248    -6.583     0.00    0.00
 134731.808    -6.583     0.00    0.00
 135107.474    -6.583     0.00    0.00
 135483.245    -6.583     0.00    0.00
 135859.122    -6.583     0.00    0.00
 136235.105    -6.583     0.00    0.00
 136611.194    -6.583     0.00    0.00
 136987.390    -6.583     0.00    0.00
 137363.691    -6.583     0.00    0.00
 137740.100    -6.583     0.00    0.00
 138116.614    -6.583     0.00    0.00
 138493.235    -6.583     0.00    0.00
 138869.963    -6.583     0.00    0.00
 139246.797    -6.583     0.00    0.00
 139623.739    -6.583     0.00    0.00
 140000.787    -6.583     0.00    0.00
 140377.942    -6.583     0.00    0.00
 140755.204    -6.583     0.00    0.00
 141132.574    -6.583     0.00    0.00
 141510.051    -6.583     0.00    0.00
 141887.635    -6.583     0.00    0.00
 142265.327    -6.583     0.00    0.00
 142643.126    -6.583     0.00    0.00
 143021.033    -6.583     0.00    0.00
 143399.048    -6.583     0.00    0.00
 143777.170    -6.583     0.00    0.00
 144155.401    -6.583     0.00    0.00
 144533.739    -6.583     0.00    0.00
 144912.186    -6.583     0.00    0.00
 145290.741    -5.814     2.03    2.22
 145669.404    -3.123     7.11    5.59
 146048.176     0.934    10.71    8.39
 146427.056     6.243    14.01    9.19
 146806.045    12.143    15.57    8.77
 147185.142    16.062    10.34    6.40
 147564.349    17.854     4.73    4.44
 147943.664    17.724    -0.34    4.22
 148323.088    19.833     5.56    5.64
 148702.621    24.960    13.51   11.89
 149082.264    34.054    23.96   17.75
 149462.016    46.447    32.64   17.05
 149841.877    59.445    34.22   11.45
 150221.847    68.254    23.18   10.16
 150601.927    73.032    12.57    8.66
 150982.117    69.967    -8.06   12.18
 151362.417    64.724   -13.79   12.83
 151742.826    59.439   -13.89    9.87
 152123.346    56.652    -7.32    9.92
 152503.975    57.240     1.54   10.18
 152884.715    57.185    -0.15    9.65
 153265.565    55.523    -4.36    9.24
 153646.525    53.221    -6.04    8.87
 154027.595    48.225   -13.11    8.41
 154408.777    44.575    -9.58    6.93
 154790.068    42.854    -4.51    6.96
 155171.471    43.114     0.68    7.89
 155552.984    45.680     6.73    9.81
 155934.609    50.974    13.87   10.65
 156316.344    55.225    11.14    9.82
 156698.190    59.569    11.38    9.54
 157080.148    58.174    -3.65   13.88
 157462.217    57.960    -0.56   16.64
 157844.398    58.635     1.77   15.24
 158226.690    57.374    -3.30   13.05
 158609.093    51.301   -15.88   15.06
 158991.609    41.381   -25.94   15.99
 159374.236    32.452   -23.34   15.45
 159756.975    22.863   -25.06   12.06
 160139.826    15.119   -20.23   13.09
 160522.789     9.736   -14.06   12.98
 160905.864     4.446   -13.81   13.09
 161289.052    -0.137   -11.96   11.19
 161672.352    -2.331    -5.72   10.15
 162040.115    -6.420   -11.12    1.67
 162402.765    -6.583    -0.45    0.00
