# NaN NaN NaN ;Mean Elev.(m), Avg Gradient(m/km), RMS Gradient(m/km) - SRTM1     
#   55.826   0.293   7.729 ;Mean Elev.(m), Avg Gradient(m/km), RMS Gradient(m/km) - ASTER GDEM
#    2.014  -0.294   2.452 ;Mean Elev.(m), Avg Gradient(m/km), RMS Gradient(m/km) - GMTED2010 
  7  86.150102  73.546585     2.434     2.083 21 52460.26189891 26.091
  9  86.163767  73.542838     0.307     0.311 18 52530.26187776 21.821
 10  86.158433  73.542740    -0.352    -0.379 19 52565.26189639 33.019
 12  86.152798  73.543356    -0.156    -0.234 20 52635.26187916 15.608
 13  86.142143  73.546985     0.107     0.025 22 52670.26188784 14.008
 14  86.152579  73.541473     0.087    -0.142 19 52705.26187875 11.366
 15  86.148407  73.552412     0.662     0.579 25 52740.26191215 11.391
 16  86.135125  73.550884     0.120     0.216 25 52775.26185984 22.617
 17  86.155549  73.543514     3.923     3.905 20 52810.26193499 33.878
 18  86.157057  73.543691     0.593     0.505 19 52845.26199096 41.183
 19  86.148043  73.547189    -0.981    -1.019 21 52880.26202821 34.203
 20  86.142301  73.551033     0.465     0.471 25 52915.26198533 27.665
 22  86.150485  73.543811     0.448     0.392 20 52985.26196970 22.659
 23  86.148195  73.552112     0.018     0.047 26 53020.26195912 18.893
 24  86.158596  73.543629     0.097    -0.026 19 53055.26194713 15.169
 25  86.121139  73.547629     0.061    -0.001 25 53090.26198514 13.784
 26  86.154223  73.542618     0.069     0.009 19 53125.26195528 13.157
 27  86.148035  73.548206     1.209     0.594 23 53160.26201521 15.628
 28  86.145128  73.545382     1.207     0.960 21 53195.26201230 26.223
 29  86.145139  73.546487     0.392     0.143 21 53230.26199973 23.529
 30  86.118428  73.547756     0.088     0.035 25 53265.26197108 31.701
 31  86.145481  73.544814     0.067     0.055 21 53300.26201780 28.044
 32  86.142690  73.546618    -0.190    -0.221 21 53335.26198864 19.009
 33  86.128042  73.549289     0.120     0.063 24 53370.26192759 14.281
 35  86.130441  73.549278     0.550     0.436 25 53440.26194819 12.027
 36  86.147233  73.544639     0.216    -0.046 21 53475.26201209 11.285
 37  86.143967  73.545198     1.411     0.761 21 53510.26202795  9.552
 38  86.146664  73.551754     4.630     4.756 25 53545.26204339 34.560
 40  86.124081  73.548821     0.296     0.300 24 53615.26197546 50.299
 41  86.149670  73.542706    -0.028    -0.233 18 53650.26198623 21.614
 42  86.148991  73.551835     0.028     0.011 26 53685.26199494 22.704
 43  86.137850  73.551331    -0.144    -0.178 25 53720.26192168 17.620
 44  86.162537  73.542479     0.182     0.064 18 53755.26184728 12.775
 45  86.144829  73.546848     0.534     0.398 21 53790.26187642 11.781
 46  86.159596  73.537793     0.397     0.309 13 53825.26183368 11.520
 47  86.147902  73.544653     0.211    -0.019 21 53860.26192668 11.000
 49  86.145532  73.551745     0.586     0.426 26 53930.26199706 22.496
 50  86.136381  73.549981     0.798     0.561 25 53965.26197578 24.625
 51  86.154750  73.534378     1.749     1.981 10 54000.26193466 18.922
 52  86.151997  73.544335    -0.112    -0.170 20 54035.26197656 23.713
 53  86.146148  73.547212    -0.132    -0.057 21 54070.26197052 16.376
 54  86.122521  73.547974     0.326     0.278 25 54105.26192514 13.331
 55  86.154525  73.545502    -0.026    -0.059 20 54140.26190239 11.615
 56  86.140186  73.550756     0.490     0.485 26 54175.26190422 11.806
 57  86.147084  73.543257     0.891     0.491 19 54210.26190961  9.890
 58  86.146375  73.545840     0.752     0.386 21 54245.26193954  9.066
 59  86.146557  73.546399     2.355     2.360 21 54280.26195080 41.555
 60  86.143275  73.547151     0.032    -0.166 21 54315.26195008 24.232
 61  86.139241  73.551256    -0.369    -0.486 25 54350.26191803 28.598
 62  86.149939  73.544539     0.792     0.806 20 54385.26188893 40.175
 63  86.141202  73.550908     0.128     0.146 26 54420.26186779 18.416
 64  86.155108  73.540869     0.126     0.107 18 54455.26186127 16.874
 65  86.146419  73.550049     0.242     0.166 23 54490.26186814 13.355
 66  86.150894  73.544024     0.089     0.079 20 54525.26187382 11.496
 67  86.142723  73.551761     0.214     0.064 25 54560.26187681 11.377
 68  86.147261  73.547393     0.287     0.213 21 54595.26186917 12.003
 69  86.146399  73.547797     2.211     1.420 23 54630.26188330 11.218
 70  86.144989  73.546886     1.133     0.431 21 54665.26189009 25.904
 71  86.134981  73.549358     0.576     0.221 25 54700.26186014 21.653
 72  86.153455  73.543104     0.694     0.645 19 54735.26184934 21.943
 73  86.140421  73.546913     0.322     0.298 22 54770.26184087 21.831
 74  86.153272  73.544005     0.017    -0.339 20 54805.26184309 15.737
 75  86.144405  73.546403     0.160    -0.037 21 54840.26183564 15.130
 76  86.147887  73.544554     0.300    -0.086 21 54875.26184379 14.318
 77  86.134445  73.550464    -0.076    -0.100 25 54910.26184121 12.500
 78  86.149389  73.543982     0.324     0.051 20 54945.26183646 12.205
 79  86.143577  73.546962     0.257    -0.008 22 54980.26186265 26.393
 80  86.146453  73.547721     2.055     1.943 23 55015.26186529 25.053
 81  86.146100  73.547143     0.690     0.212 22 55050.26185940 25.747
 82  86.130136  73.549984     1.175     0.959 25 55085.26182608 28.658
 83  86.148733  73.541525     0.142     0.041 19 55120.26179328 27.738
 84  86.144893  73.551303    -0.092    -0.113 25 55155.26178524 23.014
 85  86.150958  73.542603    -0.219    -0.351 18 55190.26178232 17.343
 86  86.148632  73.551629     0.379     0.359 26 55225.26178510 15.411
 87  86.149740  73.546884    -0.261    -0.389 21 55260.26177754 13.955
 88  86.136565  73.550014    -0.160    -0.236 25 55295.26177153 13.136
 89  86.146484  73.548132     0.530     0.251 23 55330.26175870 13.460
 90  86.147748  73.551750     3.205     2.899 25 55365.26175195 22.829
 91  86.155357  73.544702     2.298     0.823 20 55400.26176448 26.555
 92  86.144827  73.547630     0.744     0.137 23 55435.26176937 19.790
 93  86.128868  73.549893     0.109     0.028 25 55470.26172307 32.846
