# NaN NaN NaN ;Mean Elev.(m), Avg Gradient(m/km), RMS Gradient(m/km) - SRTM1     
#   -8.947  -2.146   5.597 ;Mean Elev.(m), Avg Gradient(m/km), RMS Gradient(m/km) - ASTER GDEM
#    6.583  -6.739  11.078 ;Mean Elev.(m), Avg Gradient(m/km), RMS Gradient(m/km) - GMTED2010 
  8  88.829929  73.186496    96.244    96.957  3 52499.58765054  0.856
 10  88.805254  73.188562    41.208    41.262  4 52569.58766878  1.749
 18  88.790289  73.191147     6.897     7.338  5 52849.58774587 21.390
 19  88.809454  73.188779    39.408    39.447  5 52884.58778032 13.415
 21  88.791895  73.190869    46.276    47.073  5 52954.58770079  2.760
 22  88.817486  73.188494     2.282     2.132  3 52989.58770967 13.254
 24  88.816081  73.188177     3.044     3.328  4 53059.58768828  8.961
 25  88.828856  73.186268     3.895     3.899  4 53094.58772508  8.201
 26  88.802009  73.189920     1.434     1.333  4 53129.58769842  7.876
 29  88.840359  73.184161     3.726     2.688  4 53234.58773651 18.362
 32  88.824246  73.186967     3.661     3.594  4 53339.58773273 12.377
 33  88.853302  73.182379     4.856     4.813  5 53374.58766257  9.283
 34  88.809503  73.188403     3.542     3.102  5 53409.58770737  7.731
 35  88.853002  73.182538     5.169     5.051  5 53444.58768846  7.046
 36  88.788823  73.191380     1.110     1.093  5 53479.58777101  6.100
 40  88.854848  73.181075     8.047     7.749  5 53619.58771271 23.163
 42  88.816944  73.187455    19.212    18.997  4 53689.58773599  6.316
 43  88.857536  73.181208     9.531     7.769  5 53724.58765826  6.757
 44  88.797680  73.190393    28.737    34.235  4 53759.58760423  2.617
 46  88.794609  73.187586    47.328    47.328  2 53829.58759886  0.190
 47  88.793880  73.190429    27.802    32.318  5 53864.58767855  2.778
 48  88.808617  73.188540     1.637     1.579  4 53899.58770354 39.538
 51  88.772596  73.196449     3.924     3.924  2 54004.58769355 19.347
 53  88.822395  73.187560     2.921     2.991  4 54074.58771712 12.165
 54  88.855694  73.181742     3.910     3.739  5 54109.58766014 10.532
 55  88.796937  73.190410     1.193     1.246  5 54144.58765647  8.693
 56  88.845344  73.182799     6.387     5.778  4 54179.58764548  5.901
 60  88.818547  73.188163     1.483     1.114  3 54319.58769581 21.558
 62  88.811799  73.188782     1.812     1.784  4 54389.58763639 25.101
 63  88.826982  73.186899    13.896     7.728  3 54424.58760827  4.519
 65  88.830192  73.186261    13.234    11.212  4 54494.58761302  5.166
 66  88.803035  73.190214    22.815    19.226  3 54529.58762529  2.514
 67  88.838661  73.186243    40.549    40.549  2 54564.58761960  0.979
 68  88.811475  73.188304    42.049    41.765  4 54599.58762034  2.105
 69  88.813330  73.187873    34.667    36.527  4 54634.58763266  7.798
 73  88.830172  73.186094    33.542    40.705  4 54774.58758094  2.384
 74  88.794322  73.189156    24.239    34.148  3 54809.58759423  4.215
 75  88.821753  73.189193    42.207    42.207  2 54844.58758026  0.605
 79  88.809867  73.188198    19.261    21.119  5 54984.58761444 11.528
 82  88.842039  73.183363     5.306     4.619  4 55089.58756472 24.498
 84  88.825922  73.187411     3.186     3.168  4 55159.58752685 16.386
 85  88.791785  73.191043     1.546     1.466  4 55194.58753487 11.487
 86  88.839877  73.183257     3.759     3.915  5 55229.58752806 10.746
 87  88.809735  73.189137     3.191     3.290  4 55264.58752920  8.835
 88  88.843468  73.182991     4.739     4.708  4 55299.58751075  6.943
 89  88.818037  73.188352    52.491    48.213  3 55334.58750617  1.007
 91  88.799560  73.190665     8.875     8.921  3 55404.58751527 21.956
 92  88.829494  73.185487    27.204    35.376  3 55439.58751477 19.104
