# NaN NaN NaN ;Mean Elev.(m), Avg Gradient(m/km), RMS Gradient(m/km) - SRTM1     
#   -9.000  -4.738   8.424 ;Mean Elev.(m), Avg Gradient(m/km), RMS Gradient(m/km) - ASTER GDEM
#    5.649  -4.422  19.711 ;Mean Elev.(m), Avg Gradient(m/km), RMS Gradient(m/km) - GMTED2010 
  7   -15.586 52448.58965198 21.45  88.306084  73.082056  8.711
  7   -15.609 52448.58965262 22.56  88.300064  73.084906  8.711
  7   -15.577 52448.58965327 23.62  88.294054  73.087766  8.711
  7   -15.336 52448.58965391 24.12  88.288024  73.090616  8.711
  7   -15.007 52448.58965456 29.38  88.282004  73.093466  8.711
  8     7.086 52483.58964013 25.08  88.315900  73.086072  6.566
  8     7.165 52483.58964077 21.08  88.309890  73.088922  6.566
  8     6.999 52483.58964142 21.51  88.303870  73.091772  6.566
  8     7.084 52483.58964206 21.56  88.297845  73.094629 12.179
  8     9.524 52483.58964271 21.61  88.291825  73.097479 12.179
  9     7.065 52518.58960060 20.57  88.313962  73.093790 12.555
  9     6.906 52518.58960124 21.20  88.307942  73.096640 12.555
  9     7.086 52518.58960189 20.79  88.301922  73.099490 12.555
  9     7.824 52518.58960253 21.92  88.295892  73.102350 12.555
 10     4.557 52553.58964764 21.44  88.312406  73.074377  7.041
 10     0.167 52553.58964893 32.56  88.300376  73.080077  7.041
 10     0.769 52553.58965022 31.70  88.288336  73.085787  7.041
 10     1.139 52553.58965086 31.05  88.282316  73.088637  7.041
 10     0.818 52553.58965151 31.38  88.276296  73.091487  7.041
 11     5.813 52588.58963219  9.50  88.311588  73.089307  3.689
 11     0.712 52588.58963348 16.58  88.299548  73.095017  3.689
 11     0.664 52588.58963413 16.15  88.293528  73.097867  3.689
 12    15.695 52623.58958302  1.93  88.317167  73.092579  3.059
 12     5.524 52623.58958367  6.25  88.311147  73.095429  3.059
 12     2.945 52623.58958431 10.59  88.305127  73.098279  3.059
 12     2.484 52623.58958496 12.61  88.299107  73.101139  3.059
 13    10.082 52658.58960215  3.69  88.305109  73.089001  3.330
 13     6.891 52658.58960279  7.06  88.299079  73.091851  3.330
 13     2.922 52658.58960344 11.10  88.293059  73.094701  3.330
 15     5.472 52728.58962044  8.98  88.315267  73.085492  3.545
 15     5.431 52728.58962108  8.98  88.309247  73.088342  3.545
 15     5.485 52728.58962173  8.99  88.303227  73.091192  3.545
 15     5.326 52728.58962237  9.81  88.297207  73.094052  3.545
 15     5.331 52728.58962302  9.18  88.291187  73.096902  3.545
 16     7.530 52763.58963382  3.10  88.314757  73.091245  1.997
 16     4.578 52763.58963446  7.39  88.308737  73.094095  1.997
 16     3.430 52763.58963510  8.39  88.302727  73.096945  1.997
 16     2.935 52763.58963575  8.17  88.296697  73.099795  1.997
 17     7.833 52798.58960643  5.54  88.312960  73.077573  2.838
 17     6.872 52798.58960708  7.25  88.306940  73.080423  2.838
 17     7.165 52798.58960772  8.17  88.300920  73.083273  2.838
 17     6.596 52798.58960837  8.55  88.294900  73.086123  2.838
 17     6.611 52798.58960901  8.62  88.288880  73.088973  2.838
 17     6.823 52798.58960965  8.31  88.282860  73.091833  2.838
 18     8.443 52833.58967694 18.29  88.310203  73.079529 19.819
 18     8.330 52833.58967758 18.86  88.304183  73.082389 19.819
 18     6.220 52833.58967822 20.48  88.298163  73.085239 19.819
 18     8.333 52833.58967887 19.56  88.292143  73.088089 19.819
 18     9.466 52833.58967951 19.99  88.286123  73.090939 19.819
 18     9.800 52833.58968016 22.25  88.280093  73.093789 19.819
 19     2.541 52868.58972001 21.26  88.314874  73.084774 10.822
 19     2.532 52868.58972065 20.11  88.308864  73.087634 10.822
 19     1.830 52868.58972130 20.47  88.302844  73.090484 10.822
 19     1.661 52868.58972194 20.90  88.296814  73.093334 10.822
 20     7.361 52903.58973320 20.58  88.313899  73.088151  5.226
 20     7.269 52903.58973384 20.18  88.307879  73.091001  5.226
 20     7.323 52903.58973448 20.02  88.301859  73.093851  5.226
 20     9.492 52903.58973513 20.94  88.295839  73.096701  5.226
 21     0.804 52938.58967173 35.41  88.310887  73.099553  5.744
 21     1.109 52938.58967238 37.04  88.304867  73.102403  5.744
 21     0.965 52938.58967302 35.70  88.298837  73.105253  5.744
 22     3.114 52973.58970510 19.07  88.310123  73.080786  3.603
 22     3.451 52973.58970575 18.65  88.304105  73.083633  2.977
 22     2.693 52973.58970639 18.13  88.298085  73.086483  2.977
 22     3.253 52973.58970704 17.98  88.292065  73.089343  2.977
 22     1.609 52973.58970768 18.85  88.286045  73.092193  2.977
 23     3.516 53008.58971342 15.41  88.313692  73.083924  3.036
 23     3.388 53008.58971407 13.97  88.307682  73.086774  3.036
 23     3.141 53008.58971471 13.66  88.301662  73.089624  3.036
 23     2.595 53008.58971536 13.50  88.295642  73.092474  3.036
 23     1.985 53008.58971600 13.59  88.289615  73.095325  2.433
 24     5.010 53043.58967036 10.32  88.307696  73.077226  2.820
 24     3.715 53043.58967101 10.26  88.301686  73.080076  2.820
 24     3.931 53043.58967165  9.98  88.295663  73.082929  2.501
 24     2.959 53043.58967230 10.00  88.289643  73.085779  2.501
 24     3.473 53043.58967294 10.21  88.283623  73.088639  2.501
 24     2.556 53043.58967359 10.34  88.277603  73.091489  2.501
 25     3.400 53078.58970533 11.00  88.311385  73.087283  2.781
 25     3.087 53078.58970597 10.49  88.305365  73.090133  2.781
 25     3.272 53078.58970661 10.32  88.299345  73.092983  2.781
 25     1.370 53078.58970726 10.84  88.293325  73.095843  2.781
 26     3.194 53113.58967372 11.10  88.310311  73.074305  2.585
 26     3.238 53113.58967437 10.90  88.304291  73.077155  2.585
 26     4.011 53113.58967501 10.30  88.298277  73.080011  2.383
 26     3.298 53113.58967630 10.42  88.286247  73.085711  2.383
 26     4.140 53113.58967695 10.45  88.280227  73.088571  2.383
 26     3.143 53113.58967759 10.98  88.274197  73.091421  2.383
 27     4.433 53148.58972004  8.71  88.312596  73.081754  2.576
 27     4.094 53148.58972068  9.20  88.306576  73.084604  2.576
 27     3.344 53148.58972133  9.28  88.300556  73.087454  2.576
 27     3.873 53148.58972197  9.24  88.294536  73.090314  2.576
 27     2.968 53148.58972262  8.68  88.288516  73.093164  2.576
 28     9.016 53183.58971805 38.01  88.315701  73.085873  8.524
 28     8.789 53183.58971870 39.75  88.309681  73.088733  8.524
 28     8.419 53183.58971934 39.93  88.303661  73.091583  8.524
 30     2.237 53253.58972085 19.50  88.319109  73.090877  5.793
 30     1.670 53253.58972150 20.13  88.313089  73.093727  5.793
 31     2.045 53288.58972113 27.76  88.308819  73.073867  7.168
 31     2.075 53288.58972178 28.69  88.302809  73.076717  7.168
 31     2.175 53288.58972242 29.51  88.296789  73.079577  7.168
 32     2.397 53323.58969919 15.38  88.313040  73.088822  3.927
 32     3.111 53323.58969984 14.56  88.307020  73.091672  3.927
 32     3.470 53323.58970048 14.29  88.301000  73.094532  3.927
 32     2.686 53323.58970113 13.93  88.294980  73.097382  3.927
 33     1.392 53358.58966354 11.45  88.315342  73.094510  3.183
 33     3.052 53358.58966419 10.25  88.309322  73.097360  3.183
 33     3.578 53358.58966483 10.29  88.303302  73.100210  3.183
 33     1.853 53358.58966548 10.36  88.297272  73.103070  3.183
 34     4.000 53393.58967685 11.38  88.312965  73.075843  3.209
 34     4.117 53393.58967750 10.87  88.306955  73.078693  3.209
 34     2.954 53393.58967814 10.58  88.300935  73.081543  3.209
 34     3.670 53393.58967879 10.37  88.294915  73.084403  3.209
 34     3.125 53393.58967943  9.75  88.288895  73.087253  3.209
 34     3.704 53393.58968008  9.72  88.282875  73.090103  3.209
 34     3.466 53393.58968072  9.62  88.276845  73.092953  3.209
 35     1.071 53428.58967375 10.21  88.314894  73.092696  2.651
 35     1.342 53428.58967439  9.56  88.308874  73.095546  2.651
 35     1.485 53428.58967504  8.94  88.302854  73.098396  2.651
 35     1.632 53428.58967568  8.92  88.296834  73.101256  2.651
 36     2.262 53463.58969216  9.44  88.311571  73.077963  2.701
 36     3.201 53463.58969281  9.73  88.305561  73.080813  2.701
 36     3.888 53463.58969345  8.97  88.299541  73.083663  2.701
 36     3.334 53463.58969410  9.35  88.293521  73.086513  2.701
 36     3.232 53463.58969474  8.97  88.287501  73.089363  2.701
 36     2.748 53463.58969539  9.14  88.281471  73.092223  2.701
 37     3.853 53498.58976172  9.47  88.311210  73.081392  2.875
 37     3.164 53498.58976237  9.87  88.305190  73.084252  2.875
 37     2.172 53498.58976301  9.27  88.299170  73.087102  2.875
 37     3.061 53498.58976366  9.30  88.293150  73.089952  2.875
 37     4.026 53498.58976430  8.43  88.287130  73.092802  2.875
 38     5.047 53533.58974622 32.03  88.315339  73.088896  8.156
 38     5.345 53533.58974686 31.83  88.309319  73.091756  8.156
 38     5.926 53533.58974751 37.92  88.303299  73.094606  8.156
 38     5.251 53533.58974815 40.53  88.297279  73.097456  8.156
 39     3.146 53568.58976276 20.95  88.311220  73.086631  9.263
 39     5.696 53568.58976341 17.35  88.305200  73.089491  9.263
 39     7.348 53568.58976405 17.29  88.299180  73.092341  9.263
 40    -0.157 53603.58971022 38.65  88.312401  73.096203 13.672
 40     1.148 53603.58971086 21.39  88.306381  73.099053 13.672
 40     7.185 53603.58971151 20.31  88.300361  73.101913 13.672
 40     8.888 53603.58971215 20.49  88.294341  73.104763 13.672
 41     2.167 53638.58970527 26.54  88.311667  73.075954 10.411
 41     5.957 53638.58970591 23.08  88.305647  73.078804 10.411
 41     7.675 53638.58970656 18.92  88.299637  73.081654 10.411
 41     8.607 53638.58970720 17.65  88.293617  73.084514 10.411
 41     9.015 53638.58970785 18.38  88.287597  73.087364 10.411
 41     9.853 53638.58970849 19.30  88.281577  73.090214 10.411
 42     5.556 53673.58972642 17.31  88.313028  73.081175  4.333
 42     5.040 53673.58972706 20.26  88.307018  73.084025  4.333
 42     4.428 53673.58972771 20.43  88.300998  73.086885  4.333
 42     4.377 53673.58972835 20.03  88.294978  73.089735  4.333
 42     4.081 53673.58972900 20.21  88.288958  73.092585  4.333
 43     4.194 53708.58965987 12.36  88.315725  73.095625  3.460
 43     1.415 53708.58966052 14.40  88.309705  73.098475  3.460
 43     1.842 53708.58966116 15.04  88.303685  73.101325  3.460
 43     1.864 53708.58966181 13.33  88.297655  73.104185  3.460
 44     7.134 53743.58957077  4.49  88.322627  73.098574  3.126
 44     6.849 53743.58957142  7.04  88.316607  73.101424  3.126
 44     3.934 53743.58957206 11.51  88.310587  73.104284  3.126
 44     1.173 53743.58957271 13.02  88.304567  73.107134  3.126
 45     6.241 53778.58959723  7.04  88.310204  73.087750  3.126
 45     2.658 53778.58959788 11.27  88.304184  73.090600  3.126
 45     2.874 53778.58959852 11.93  88.298164  73.093450  3.126
 45     2.821 53778.58959916 11.84  88.292144  73.096300  3.126
 46    15.541 53813.58957300  3.98  88.317922  73.098748  2.954
 46     7.395 53813.58957365  5.14  88.311902  73.101598  2.954
 46     6.613 53813.58957429  7.00  88.305872  73.104448  2.954
 46     5.336 53813.58957493  9.03  88.299852  73.107308  2.954
 47     8.206 53848.58962785  3.25  88.306672  73.079025  2.953
 47     7.213 53848.58962849  5.64  88.300652  73.081875  2.953
 47     6.398 53848.58962914  7.90  88.294632  73.084725  2.953
 47     5.170 53848.58962978  9.69  88.288612  73.087575  2.953
 47     5.108 53848.58963043 10.17  88.282592  73.090425  2.953
 47     2.966 53848.58963107 10.24  88.276572  73.093285  2.953
 49     5.682 53918.58970960 20.03  88.308854  73.083519 10.706
 49     5.796 53918.58971024 18.49  88.302834  73.086369 10.706
 50     2.873 53953.58971147 19.49  88.312848  73.082871 12.109
 50     2.928 53953.58971212 19.58  88.306828  73.085721 12.109
 50     2.037 53953.58971276 20.01  88.300818  73.088581 12.109
 52     1.512 54023.58969153 30.84  88.310112  73.079165  9.957
 52     1.476 54023.58969217 32.45  88.304102  73.082025  9.957
 52     0.424 54023.58969282 39.87  88.298082  73.084875  9.957
 52     1.607 54023.58969346 33.97  88.292062  73.087725  9.957
 52     1.432 54023.58969411 32.84  88.286042  73.090575  9.957
 52     1.064 54023.58969475 30.44  88.280012  73.093425  9.957
 55     6.998 54128.58960251  4.85  88.304556  73.078865  3.203
 55     5.863 54128.58960316  8.80  88.298546  73.081715  3.203
 55     3.869 54128.58960380 11.39  88.292526  73.084565  3.203
 55     3.355 54128.58960445 12.49  88.286506  73.087415  3.203
 55     1.969 54128.58960509 11.82  88.280476  73.090265  3.203
 55     3.055 54128.58960573 11.30  88.274456  73.093125  3.203
 56    10.523 54163.58963483  2.18  88.313664  73.087990  1.745
 56     7.486 54163.58963547  4.00  88.307651  73.090839  3.129
 56     5.601 54163.58963612  7.88  88.301631  73.093689  3.129
 56     2.524 54163.58963676 10.19  88.295611  73.096539  3.129
 57     6.816 54198.58960518  8.21  88.308381  73.080540  2.738
 57     5.495 54198.58960583 10.21  88.302371  73.083390  2.738
 57     5.075 54198.58960647 11.55  88.296351  73.086250  2.738
 57     5.060 54198.58960712 11.79  88.290331  73.089100  2.738
 57     4.726 54198.58960776 11.24  88.284311  73.091950  2.738
 58     7.812 54233.58964791  6.51  88.312488  73.083149  2.099
 58     6.462 54233.58964855  8.06  88.306470  73.085998  2.128
 58     5.617 54233.58964920  9.35  88.300450  73.088848  2.128
 58     6.100 54233.58964984  9.06  88.294430  73.091698  2.128
 58     6.359 54233.58965049  8.71  88.288410  73.094558  2.128
 59     6.709 54268.58966767 36.97  88.312013  73.087053 10.737
 59     6.482 54268.58966831 37.39  88.306003  73.089903 10.737
 59     6.932 54268.58966896 36.36  88.299973  73.092753 10.737
 61     4.475 54338.58965667 19.29  88.313550  73.090186  5.359
 61     6.221 54338.58965732 17.66  88.307536  73.093035 11.046
 61     6.907 54338.58965796 17.89  88.301516  73.095885 11.046
 61     9.201 54338.58965861 17.98  88.295486  73.098735 11.046
 63     1.347 54408.58960176 20.55  88.313163  73.087016  4.067
 63     1.496 54408.58960240 19.60  88.307143  73.089866  4.067
 63     1.525 54408.58960305 18.98  88.301123  73.092716  4.067
 63     1.684 54408.58960369 18.68  88.295103  73.095576  4.067
 64     2.159 54443.58956393 13.34  88.311848  73.075014  3.272
 64     3.483 54443.58956458 13.37  88.305838  73.077864  3.272
 64     2.846 54443.58956522 11.79  88.299818  73.080714  3.272
 64     2.404 54443.58956651 12.27  88.287778  73.086424  3.272
 64     1.419 54443.58956716 12.19  88.281758  73.089274  3.272
 64     1.222 54443.58956780 12.21  88.275728  73.092124  3.272
 65     1.473 54478.58959148 10.86  88.311267  73.087315  3.223
 65     1.844 54478.58959212 10.16  88.305257  73.090165  3.223
 65     2.580 54478.58959276  9.64  88.299227  73.093015  3.223
 65     2.417 54478.58959341  9.77  88.293207  73.095865  3.223
 66     5.582 54513.58957896  8.14  88.313452  73.075948  3.159
 66     2.561 54513.58957961 10.14  88.307432  73.078798  3.159
 66     2.561 54513.58958025 11.00  88.301422  73.081658  3.159
 66     3.142 54513.58958089 10.17  88.295402  73.084508  3.159
 66     2.418 54513.58958154 10.20  88.289382  73.087358  3.159
 66     2.858 54513.58958218  9.58  88.283352  73.090208  3.159
 66     3.139 54513.58958283  9.97  88.277332  73.093058  3.159
 67     7.674 54548.58960539  3.87  88.315156  73.089395  3.062
 67     7.001 54548.58960604  7.71  88.309136  73.092245  3.062
 67     3.571 54548.58960668 10.20  88.303116  73.095105  3.062
 67     1.504 54548.58960733 11.03  88.297086  73.097955  3.062
 68     4.822 54583.58957625  9.21  88.312573  73.084753  2.450
 68     3.006 54583.58957689 10.53  88.306553  73.087603  2.450
 68     2.961 54583.58957754 10.92  88.300533  73.090463  2.450
 68     3.682 54583.58957818 10.24  88.294513  73.093313  2.450
 68     3.650 54583.58957883  9.47  88.288483  73.096163  2.450
 69     7.876 54618.58959645  6.21  88.313270  73.085083  2.724
 69     6.966 54618.58959709  8.19  88.307250  73.087933  2.724
 69     6.724 54618.58959774  8.92  88.301230  73.090793  2.724
 69     6.701 54618.58959838  8.74  88.295210  73.093643  2.724
 69     6.396 54618.58959903  9.02  88.289190  73.096493  2.724
 70     8.099 54653.58960831 18.70  88.311239  73.086196  9.765
 70     8.019 54653.58960896 17.98  88.305219  73.089046  9.765
 70     8.626 54653.58960960 17.72  88.299199  73.091896  9.765
 71     0.956 54688.58959820 19.89  88.307378  73.092568 16.645
 71     0.781 54688.58959885 20.61  88.301358  73.095418 16.645
 71     7.053 54688.58959949 20.85  88.295338  73.098278 16.645
 72     2.193 54723.58955486 23.56  88.312133  73.076592 13.719
 72     2.412 54723.58955551 23.19  88.306123  73.079442 13.719
 72     2.240 54723.58955615 21.59  88.300103  73.082302 13.719
 72     1.988 54723.58955680 23.23  88.294083  73.085152 13.719
 72     1.564 54723.58955744 22.38  88.288063  73.088002 13.719
 73     1.342 54758.58957312 28.88  88.310821  73.088077  6.413
 73     1.031 54758.58957376 30.44  88.304801  73.090927  6.413
 73     1.605 54758.58957441 30.07  88.298781  73.093787  6.413
 73     1.731 54758.58957505 28.85  88.292761  73.096637  6.413
 74     1.531 54793.58954783 13.81  88.311622  73.074477  3.641
 74     1.435 54793.58954847 14.86  88.305612  73.077327  3.641
 74     2.177 54793.58954912 13.92  88.299592  73.080187  3.641
 74     1.507 54793.58955041 13.65  88.287552  73.085887  3.641
 74     1.196 54793.58955105 13.57  88.281532  73.088737  3.641
 74     1.008 54793.58955170 14.04  88.275512  73.091587  3.641
 75     3.350 54828.58957127 11.32  88.311806  73.084954  4.076
 75     1.484 54828.58957192 13.45  88.305786  73.087804  4.076
 75     1.189 54828.58957256 14.15  88.299766  73.090664  4.076
 75     1.096 54828.58957320 13.21  88.293746  73.093514  4.076
 75     0.943 54828.58957385 13.77  88.287726  73.096364  4.076
 76     4.628 54863.58954272 12.30  88.312311  73.078301  2.943
 76     2.648 54863.58954337 12.55  88.306301  73.081151  2.943
 76     4.281 54863.58954401 12.58  88.300281  73.084011  2.943
 76     3.500 54863.58954466 12.24  88.294261  73.086861  2.943
 76     3.951 54863.58954530 12.81  88.288241  73.089711  2.943
 76     3.678 54863.58954595 12.99  88.282221  73.092561  2.943
 77     2.300 54898.58957163 11.40  88.311579  73.088977  2.786
 77     4.473 54898.58957227 10.82  88.305559  73.091827  2.786
 77     3.735 54898.58957292 10.87  88.299539  73.094687  2.786
 77     3.939 54898.58957356 10.57  88.293509  73.097537  2.786
 78     4.521 54933.58953743  8.83  88.311883  73.080573  5.194
 78     5.117 54933.58953808  8.37  88.305863  73.083423  5.194
 78     4.803 54933.58953872  8.72  88.299843  73.086283  5.194
 78     4.748 54933.58953937  9.17  88.293823  73.089133  5.194
 78     3.717 54933.58954001  9.50  88.287803  73.091983  5.194
 78     5.467 54933.58954066  8.98  88.281783  73.094833  5.194
 79     2.574 54968.58957250  8.94  88.310815  73.086250  2.465
 79     3.125 54968.58957315  8.76  88.304795  73.089100  2.465
 79     2.583 54968.58957379  9.02  88.298775  73.091950  2.465
 79     4.245 54968.58957444  8.77  88.292755  73.094810  2.465
 80     7.192 55003.58959212 28.23  88.309821  73.085498  8.434
 80     7.546 55003.58959276 26.53  88.303801  73.088348  8.434
 80     7.585 55003.58959341 27.21  88.297781  73.091198  8.434
 80     7.377 55003.58959405 31.77  88.291761  73.094058  8.434
 81     2.833 55038.58957940 19.99  88.311078  73.087558 12.684
 81     2.474 55038.58958004 19.60  88.305058  73.090408 12.684
 82     2.593 55073.58956451 23.99  88.316621  73.089351  8.554
 82     2.435 55073.58956515 24.20  88.310601  73.092201  8.554
 82     2.292 55073.58956580 24.36  88.304581  73.095051  8.554
 82     1.834 55073.58956644 23.63  88.298561  73.097911  8.554
 83     3.831 55108.58951015 25.56  88.311852  73.078315 17.323
 83     4.958 55108.58951079 22.46  88.305832  73.081165 17.323
 83     5.450 55108.58951144 21.37  88.299812  73.084015 17.323
 83     5.334 55108.58951208 20.94  88.293792  73.086875 17.323
 83     8.135 55108.58951273 20.81  88.287772  73.089725 17.323
 83    11.405 55108.58951337 21.28  88.281752  73.092575 17.323
 84     1.311 55143.58951560 25.27  88.315648  73.086177  5.088
 84     1.581 55143.58951624 24.92  88.309628  73.089027  5.088
 84     1.597 55143.58951689 24.71  88.303608  73.091877  5.088
 84     1.749 55143.58951753 25.15  88.297588  73.094737  5.088
 84     1.264 55143.58951818 25.32  88.291568  73.097587  5.088
 85     2.342 55178.58948294 16.61  88.310631  73.075639  3.593
 85     3.161 55178.58948359 15.69  88.304621  73.078489  3.593
 85     3.761 55178.58948423 15.63  88.298601  73.081349  3.593
 85     2.767 55178.58948552 15.53  88.286561  73.087049  3.593
 85     2.668 55178.58948617 15.36  88.280541  73.089899  3.593
 85     1.232 55178.58948681 15.73  88.274511  73.092749  3.593
 86     3.607 55213.58951058 12.25  88.311107  73.087551  2.849
 86     3.513 55213.58951123 12.59  88.305087  73.090401  2.849
 86     2.621 55213.58951187 12.83  88.299067  73.093261  2.849
 86     1.971 55213.58951252 12.50  88.293047  73.096111  2.849
 87     2.889 55248.58948386 11.90  88.308321  73.082213  3.092
 87     3.877 55248.58948451 11.77  88.302301  73.085063  3.092
 87     3.892 55248.58948515 12.01  88.296281  73.087923  3.092
 87     3.316 55248.58948580 12.60  88.290261  73.090773  3.092
 87     1.783 55248.58948644 12.54  88.284241  73.093623  3.092
 88     3.020 55283.58950482 11.24  88.311563  73.090012  3.137
 88     3.112 55283.58950546 11.00  88.305543  73.092862  3.137
 88     3.039 55283.58950611 11.26  88.299523  73.095722  3.137
 88     0.975 55283.58950675 11.47  88.293503  73.098572  3.137
 89     2.547 55318.58947441 12.28  88.315164  73.084809  3.435
 89     2.921 55318.58947506 12.13  88.309154  73.087659  3.435
 89     1.716 55318.58947570 11.31  88.303134  73.090509  3.435
 89     1.777 55318.58947635 11.08  88.297114  73.093369  3.435
 89     1.222 55318.58947699 11.16  88.291084  73.096219  3.435
 90     0.692 55353.58947753 29.23  88.310817  73.089236  6.922
 90     1.373 55353.58947818 28.31  88.304797  73.092086  6.922
 90     1.582 55353.58947882 27.23  88.298777  73.094946  6.922
 90     1.425 55353.58947946 26.73  88.292757  73.097796  6.922
 91     7.321 55388.58947352 15.45  88.311054  73.078460 21.569
 91     6.823 55388.58947416 15.71  88.305044  73.081310 21.569
 91     6.778 55388.58947481 16.93  88.299024  73.084160 21.569
 91     7.091 55388.58947545 18.21  88.293004  73.087020 21.569
 91     7.943 55388.58947610 18.90  88.286984  73.089870 21.569
 91     8.170 55388.58947674 27.13  88.280964  73.092720 21.569
 92     5.728 55423.58949471 22.05  88.312286  73.087134  8.538
 92     4.685 55423.58949536 21.42  88.306266  73.089994  8.538
 92     4.183 55423.58949600 21.95  88.300246  73.092844  8.538
 92     6.409 55423.58949665 21.57  88.294226  73.095694  8.538
 93     3.918 55458.58946706 20.77  88.312881  73.092522 15.009
 93     2.556 55458.58946771 21.21  88.306861  73.095372 15.009
 93     2.070 55458.58946835 22.89  88.300831  73.098222 15.009
 93     2.409 55458.58946900 23.50  88.294811  73.101082 15.009
