-124345.149    10.535     0.00    3.32
-123979.879    10.984     1.23    3.33
-123614.515    11.636     1.78    3.23
-123249.060    12.474     2.29    3.43
-122883.512    12.482     0.02    4.15
-122517.871    12.691     0.57    4.75
-122152.137    13.598     2.48    4.64
-121786.310    14.255     1.80    3.97
-121420.391    14.966     1.94    2.69
-121054.379    15.308     0.94    2.51
-120688.273    15.925     1.68    2.41
-120322.075    16.247     0.88    2.24
-119955.783    15.417    -2.27    3.12
-119589.398    14.328    -2.97    3.64
-119222.920    13.308    -2.78    3.79
-118856.348    12.318    -2.70    3.79
-118489.683    12.604     0.78    3.91
-118122.924    13.866     3.44    3.89
-117756.072    14.900     2.82    3.32
-117389.126    15.132     0.63    2.86
-117022.087    13.308    -4.97    5.59
-116654.953     9.360   -10.75    7.07
-116287.726     5.599   -10.24    6.36
-115920.404     2.180    -9.31    2.64
-115552.989     2.988     2.20    3.75
-115185.479     4.583     4.34    4.69
-114817.875     6.022     3.91    4.77
-114450.177     6.529     1.38    4.41
-114082.385     5.333    -3.25    4.57
-113714.498     5.038    -0.80    4.25
-113346.517     5.296     0.70    4.24
-112978.441     5.029    -0.72    4.86
-112610.271     5.247     0.59    5.02
-112242.005     6.457     3.28    5.57
-111873.646     8.408     5.30    6.81
-111505.191    10.292     5.11    6.82
-111136.641    12.925     7.14    5.13
-110767.996    14.029     3.00    3.43
-110399.257    13.220    -2.19    5.38
-110030.422    12.137    -2.94    6.60
-109661.491    10.632    -4.08    7.75
-109292.466    10.116    -1.40    7.79
-108923.345     8.719    -3.79    7.66
-108554.129     6.453    -6.14    7.40
-108184.817     5.804    -1.76    6.98
-107815.410     6.917     3.01    8.38
-107445.907    11.068    11.23   10.15
-107076.308    15.057    10.79    9.63
-106706.614    18.973    10.59    7.36
-106336.823    20.140     3.16    3.72
-105966.937    18.960    -3.19    4.26
-105596.954    18.941    -0.05    4.90
-105226.876    19.610     1.81    4.94
-104856.701    21.805     5.93    3.14
-104486.430    23.052     3.37    2.98
-104116.062    23.876     2.22    2.63
-103745.599    23.858    -0.05    2.02
-103375.038    23.580    -0.75    1.89
-103004.381    23.000    -1.57    1.95
-102633.628    23.377     1.02    3.84
-102262.778    23.626     0.67    5.11
-101891.831    24.824     3.23    6.22
-101520.787    25.126     0.82    5.88
-101149.646    24.998    -0.35    5.07
-100778.408    26.160     3.13    4.37
-100407.073    27.094     2.51    4.74
-100035.641    29.050     5.27    5.22
 -99664.112    31.134     5.61    4.57
 -99292.485    31.837     1.89    4.35
 -98920.761    32.135     0.80    3.67
 -98548.939    32.349     0.58    2.85
 -98177.020    32.388     0.10    2.75
 -97805.003    30.763    -4.37    5.53
 -97432.888    29.332    -3.84    6.23
 -97060.676    28.641    -1.86    6.11
 -96688.366    30.396     4.71    6.21
 -96315.958    32.908     6.74    5.40
 -95943.451    35.027     5.69    4.48
 -95570.847    35.877     2.28    4.53
 -95198.145    35.949     0.19    4.69
 -94825.344    36.099     0.40    5.19
 -94452.445    35.620    -1.28    5.74
 -94079.447    34.934    -1.84    5.95
 -93706.351    33.242    -4.54    6.17
 -93333.157    31.860    -3.70    5.46
 -92959.864    30.724    -3.04    4.65
 -92586.472    30.726     0.00    4.05
 -92212.981    32.176     3.88    3.91
 -91839.391    33.252     2.88    3.05
 -91465.703    33.980     1.95    2.58
 -91091.915    34.211     0.62    3.12
 -90718.028    32.758    -3.89    4.72
 -90344.042    32.090    -1.78    5.38
 -89969.957    33.083     2.65    5.44
 -89595.772    34.344     3.37    4.57
 -89221.488    35.367     2.73    4.69
 -88847.105    36.489     3.00    5.76
 -88472.622    36.982     1.32    6.29
 -88098.039    38.160     3.15    6.67
 -87723.356    39.416     3.35    7.09
 -87348.574    40.555     3.04    6.23
 -86973.691    41.502     2.53    5.14
 -86598.709    42.047     1.45    4.18
 -86223.627    43.209     3.10    3.48
 -85848.444    44.353     3.05    3.50
 -85473.161    45.975     4.32    3.96
 -85097.778    47.694     4.58    4.08
 -84722.294    48.618     2.46    3.74
 -84346.710    49.436     2.18    2.77
 -83971.026    49.639     0.54    2.11
 -83595.241    49.764     0.33    1.97
 -83219.355    49.273    -1.31    2.01
 -82843.368    49.078    -0.52    2.19
 -82467.280    49.322     0.65    1.99
 -82091.091    49.190    -0.35    1.67
 -81714.802    49.051    -0.37    2.01
 -81338.411    47.916    -3.02    3.05
 -80961.919    45.997    -5.10    3.51
 -80585.326    43.884    -5.61    3.00
 -80208.631    43.361    -1.39    2.95
 -79831.835    43.443     0.22    3.58
 -79454.937    44.108     1.77    4.05
 -79077.938    44.964     2.27    4.37
 -78700.837    46.212     3.31    3.49
 -78323.634    46.480     0.71    3.26
 -77946.329    46.552     0.19    3.41
 -77568.923    45.861    -1.83    4.15
 -77191.414    45.067    -2.10    4.24
 -76813.803    44.836    -0.61    4.11
 -76436.090    44.258    -1.53    3.60
 -76058.275    44.986     1.93    3.52
 -75680.357    45.020     0.09    3.38
 -75302.337    44.162    -2.27    4.88
 -74924.214    45.142     2.59    5.15
 -74545.989    46.200     2.80    5.31
 -74167.661    48.550     6.21    5.52
 -73789.230    51.601     8.06    4.81
 -73410.697    52.624     2.70    5.17
 -73032.060    54.719     5.53    5.10
 -72653.321    56.313     4.21    4.97
 -72274.478    58.258     5.13    3.85
 -71895.532    60.242     5.23    3.49
 -71516.483    61.540     3.42    2.90
 -71137.330    62.660     2.96    1.91
 -70758.074    63.369     1.87    1.67
 -70378.715    63.333    -0.09    1.54
 -69999.251    62.940    -1.04    1.85
 -69619.684    62.525    -1.09    2.06
 -69240.014    62.242    -0.75    2.00
 -68860.239    62.202    -0.10    1.93
 -68480.361    62.700     1.31    1.88
 -68100.378    62.682    -0.05    1.93
 -67720.291    63.547     2.28    1.76
 -67340.100    63.535    -0.03    1.86
 -66959.805    62.408    -2.96    2.98
 -66579.405    60.444    -5.16    3.01
 -66198.901    58.334    -5.55    3.83
 -65818.292    56.851    -3.90    3.78
 -65437.579    56.137    -1.87    3.79
 -65056.761    55.156    -2.57    4.53
 -64675.838    54.338    -2.15    4.42
 -64294.810    55.369     2.70    4.69
 -63913.677    57.535     5.68    5.59
 -63532.439    59.885     6.16    5.77
 -63151.096    63.536     9.57    3.17
 -62769.647    66.170     6.91    3.95
 -62388.093    68.612     6.40    4.87
 -62006.434    71.318     7.09    6.22
 -61624.670    73.806     6.52    6.39
 -61242.799    76.965     8.27    5.11
 -60860.823    78.467     3.93    3.90
 -60478.741    79.883     3.71    2.89
 -60096.554    79.678    -0.54    2.94
 -59714.260    79.175    -1.32    2.59
 -59331.860    79.324     0.39    2.52
 -58949.354    79.908     1.53    2.70
 -58566.742    81.031     2.93    3.38
 -58184.024    82.491     3.81    4.12
 -57801.199    84.337     4.82    4.57
 -57433.312    86.484     5.84    4.73
 -57070.192    87.526     2.87    4.92
 -56706.980    88.210     1.88    5.62
 -56343.675    86.397    -4.99    7.58
 -55980.277    84.940    -4.01    8.33
 -55616.786    82.708    -6.14    8.70
 -55253.203    80.104    -7.16    9.26
 -54889.527    79.326    -2.14    8.85
 -54525.758    79.050    -0.76    9.34
 -54161.896    77.404    -4.52    8.96
 -53797.941    74.027    -9.28   10.06
 -53433.893    67.471   -18.01   13.53
 -53069.752    60.266   -19.79   12.93
 -52705.517    58.978    -3.53   12.62
 -52341.190    61.867     7.93   15.72
 -51976.768    67.721    16.06   16.33
 -51612.253    74.893    19.67   14.76
 -51247.645    79.892    13.71   13.24
 -50882.943    85.354    14.98    9.30
 -50518.147    89.483    11.32    7.03
 -50153.258    92.228     7.52    5.50
 -49788.275    92.424     0.54    6.65
 -49423.197    86.776   -15.47   12.46
 -49058.026    78.125   -23.69   14.28
 -48692.761    73.127   -13.68   10.44
 -48327.401    70.471    -7.27    7.46
 -47961.948    72.117     4.50    8.19
 -47596.400    75.744     9.92    5.99
 -47230.758    77.276     4.19    5.64
 -46865.021    76.934    -0.94    5.49
 -46499.189    77.283     0.96    5.00
 -46133.264    78.231     2.59    5.06
 -45767.243    78.083    -0.40    4.67
 -45401.128    78.744     1.81    4.53
 -45034.918    81.026     6.23    4.41
 -44668.613    83.108     5.69    4.00
 -44302.213    82.455    -1.78    4.98
 -43935.718    80.565    -5.16    5.47
 -43569.128    77.236    -9.08    5.07
 -43202.443    75.924    -3.58    4.75
 -42835.662    77.041     3.05    5.33
 -42468.786    79.136     5.71    5.15
 -42101.815    78.562    -1.56    5.39
 -41734.748    77.080    -4.04    6.03
 -41367.586    75.062    -5.50    5.29
 -41000.328    73.963    -2.99    5.47
 -40632.974    73.326    -1.73    5.20
 -40265.525    73.304    -0.06    4.77
 -39897.980    73.147    -0.43    4.12
 -39530.338    73.742     1.62    4.73
 -39162.601    74.805     2.89    4.73
 -38794.768    74.335    -1.28    5.96
 -38426.838    72.973    -3.70    6.63
 -38058.812    73.401     1.16    7.03
 -37690.690    74.588     3.23    7.43
 -37322.472    75.512     2.51    6.54
 -36954.157    75.668     0.43    6.26
 -36585.745    75.515    -0.42    6.79
 -36217.237    75.700     0.50    7.31
 -35848.632    76.755     2.86    6.78
 -35479.931    77.526     2.09    6.18
 -35111.132    77.100    -1.15    5.39
 -34742.237    77.839     2.00    5.21
 -34373.245    78.557     1.95    4.99
 -34004.155    79.572     2.75    4.48
 -33634.968    79.087    -1.32    4.25
 -33265.684    79.893     2.18    5.55
 -32896.303    81.756     5.05    8.94
 -32526.825    85.110     9.08   10.81
 -32157.248    89.532    11.97   10.37
 -31787.575    93.901    11.82    7.57
 -31417.803    96.674     7.50    5.45
 -31047.934    97.545     2.35    4.58
 -30677.968    97.862     0.86    4.32
 -30307.903    98.385     1.41    4.04
 -29937.740    98.023    -0.98    3.66
 -29567.480   100.746     7.35    4.59
 -29197.121   102.955     5.97    4.63
 -28826.664   103.982     2.77    4.31
 -28456.109   104.647     1.80    4.09
 -28085.455   104.148    -1.34    4.00
 -27714.703   102.389    -4.75    3.81
 -27343.853   101.823    -1.53    4.47
 -26972.904   103.126     3.51    5.86
 -26601.856   104.924     4.85    7.19
 -26230.710   107.048     5.72    7.73
 -25859.464   107.742     1.87    8.06
 -25488.120   105.562    -5.87    6.67
 -25116.677   104.474    -2.93    4.10
 -24745.135   105.072     1.61    4.39
 -24373.494   107.595     6.79    4.51
 -24001.753   109.775     5.86    4.68
 -23629.913   108.956    -2.20    5.16
 -23257.974   107.229    -4.64    6.41
 -22885.935   104.964    -6.09    7.82
 -22513.797   101.658    -8.88    7.03
 -22141.559   101.893     0.63    7.17
 -21769.222   108.784    18.51   15.66
 -21396.784   116.777    21.46   17.48
 -21024.247   122.195    14.54   16.22
 -20651.610   123.932     4.66   15.29
 -20278.873   119.985   -10.59   16.96
 -19906.036   110.373   -25.78   20.25
 -19533.098    96.924   -36.06   25.44
 -19160.061    80.527   -43.96   24.93
 -18786.923    63.024   -46.91   22.30
 -18413.684    49.470   -36.31   18.28
 -18040.345    41.713   -20.78   15.53
 -17666.906    40.294    -3.80   13.89
 -17293.366    39.378    -2.45   11.50
 -16919.725    36.271    -8.32   11.30
 -16545.983    33.837    -6.51    9.12
 -16172.140    32.901    -2.50    9.20
 -15798.196    33.457     1.49    9.77
 -15424.151    33.651     0.52    8.99
 -15050.005    34.516     2.31    7.98
 -14675.758    37.495     7.96    9.52
 -14301.409    41.099     9.63   10.03
 -13926.959    45.389    11.46   10.99
 -13552.408    52.483    18.94   16.60
 -13177.755    61.893    25.12   18.69
 -12803.000    72.836    29.20   15.70
 -12428.143    81.684    23.60   13.19
 -12053.185    84.039     6.28   10.76
 -11678.125    85.581     4.11    9.86
 -11302.962    84.565    -2.71    8.83
 -10927.698    82.082    -6.62    5.49
 -10552.331    82.331     0.67    4.76
 -10176.863    82.808     1.27    5.39
  -9801.292    84.683     4.99    7.58
  -9425.618    87.153     6.58    8.23
  -9049.842    89.094     5.17    7.81
  -8673.963    92.618     9.37    8.68
  -8297.982    97.172    12.11    9.18
  -7921.898    99.580     6.40    8.95
  -7545.711    99.963     1.02    7.12
  -7169.421    99.070    -2.37    7.62
  -6793.028    94.062   -13.31    9.95
  -6416.532    90.791    -8.69   12.28
  -6039.933    86.691   -10.89   15.06
  -5663.231    81.412   -14.01   16.38
  -5286.425    75.153   -16.61   18.55
  -4909.515    70.090   -13.43   20.40
  -4532.503    65.141   -13.13   22.00
  -4155.386    58.474   -17.68   24.81
  -3778.166    49.807   -22.98   26.38
  -3400.842    39.961   -26.09   24.23
  -3023.415    30.963   -23.84   22.33
  -2645.883    22.087   -23.51   18.37
  -2268.247    13.955   -21.53   15.22
  -1890.507     8.454   -14.56   12.21
  -1512.663     3.053   -14.29    6.48
  -1134.715     0.329    -7.21    2.82
   -756.662    -0.588    -2.42    1.32
   -378.505    -0.792    -0.54    1.04
     -0.243    -0.446     0.91    1.73
    378.124     0.674     2.96    3.85
    756.595     1.682     2.66    4.65
   1135.171     1.824     0.37    4.59
   1513.852     2.871     2.76    6.55
   1892.638     4.876     5.29    9.32
   2271.529     7.221     6.19    9.68
   2650.525     8.839     4.27    9.21
   3029.627     7.690    -3.03    7.69
   3408.834     4.954    -7.21    6.58
   3788.146     3.836    -2.95    5.97
   4167.564     7.763    10.35   11.21
   4547.087    12.216    11.73   14.47
   4926.717    14.505     6.03   13.37
   5306.452    13.136    -3.61   10.65
   5686.292    10.851    -6.02    9.47
   6066.239    10.901     0.13   12.57
   6446.292    10.668    -0.61   13.22
   6826.451    10.020    -1.71   10.55
   7206.717     8.818    -3.16    6.76
   7587.088     8.207    -1.61    5.72
   7967.566     6.831    -3.61    5.96
   8348.151     5.101    -4.55    5.39
   8728.842     3.536    -4.11    3.82
   9109.640     3.116    -1.10    3.81
   9490.545     4.449     3.50    4.44
   9871.556     7.674     8.46    9.38
  10252.675     9.701     5.32   10.17
  10633.900    11.158     3.82   10.94
  11015.233     8.939    -5.82    9.69
  11396.673     7.236    -4.46    8.36
  11778.220     5.713    -3.99    6.92
  12159.875     5.063    -1.70    7.01
  12541.637     3.993    -2.80    6.90
  12923.507     2.725    -3.32    6.58
  13305.484     0.223    -6.55    3.82
  13687.569    -0.592    -2.13    1.42
  14069.763    -0.496     0.25    1.94
  14452.064    -0.530    -0.09    1.69
  14834.473    -0.599    -0.18    0.86
  15216.990     0.389     2.58    2.37
  15599.616     3.045     6.94    4.73
  15982.350     5.789     7.17    5.08
  16365.192     8.545     7.20    3.84
  16748.143     9.735     3.11    2.56
  17124.713     9.724    -0.03    2.89
  17487.619     9.575    -0.41    2.98
  17850.619     9.504    -0.20    2.69
  18213.713     9.642     0.38    2.69
  18576.901     9.257    -1.06    2.93
  18940.183     9.008    -0.68    3.00
  19303.559     9.110     0.28    2.90
  19667.030     8.862    -0.68    2.45
  20030.594     8.092    -2.12    3.11
  20394.253     7.223    -2.39    3.15
  20758.007     5.847    -3.78    2.75
  21121.855     4.408    -3.95    2.90
  21485.797     3.601    -2.22    2.44
  21849.834     3.324    -0.76    2.12
  22213.966     3.227    -0.27    2.13
  22578.193     3.870     1.77    2.07
  22942.514     3.987     0.32    2.01
  23306.930     3.977    -0.03    1.97
  23671.442     4.237     0.71    1.84
  24036.048     4.234    -0.01    1.52
  24400.750     4.105    -0.35    1.47
  24765.547     4.117     0.03    1.53
  25130.439     4.222     0.29    1.70
  25495.427     4.348     0.34    1.83
  25860.510     4.457     0.30    1.96
  26225.688     4.420    -0.10    2.14
  26590.962     3.886    -1.46    2.52
  26956.332     3.461    -1.16    2.62
  27321.798     3.660     0.54    3.12
  27687.360     3.885     0.62    3.55
  28053.017     4.420     1.46    3.76
  28418.771     4.345    -0.20    3.62
  28784.620     4.231    -0.31    3.46
  29150.566     4.893     1.81    4.46
  29516.608     6.739     5.04    6.82
  29882.746    10.939    11.47   10.73
  30248.981    15.976    13.75   13.70
  30615.312    20.916    13.49   14.55
  30981.740    23.542     7.17   14.81
  31348.264    24.035     1.35   13.73
  31714.885    23.270    -2.09   12.17
  32081.603    23.470     0.55   12.10
  32448.418    24.229     2.07   11.55
  32815.329    24.247     0.05   10.47
  33182.338    28.301    11.05   11.15
  33549.444    33.796    14.97   14.11
  33916.647    41.039    19.72   14.34
  34283.947    52.131    30.20   10.31
  34651.344    58.991    18.67    8.39
  35018.839    63.839    13.19    7.92
  35386.432    67.362     9.58    7.47
  35754.122    69.196     4.99    8.33
  36121.909    70.324     3.07    9.25
  36489.795    71.719     3.79    9.95
  36857.778    70.969    -2.04    9.69
  37225.859    70.450    -1.41    9.09
  37594.038    71.507     2.87    8.81
  37962.315    72.038     1.44    8.90
  38330.690    75.954    10.63   12.46
  38699.163    83.578    20.69   18.55
  39067.735    91.603    21.77   21.31
  39436.405   101.122    25.82   21.45
  39805.173   112.471    30.78   20.08
  40174.040   121.855    25.44   17.86
  40543.006   131.191    25.30   13.58
  40912.070   137.119    16.06    8.67
  41281.233   136.832    -0.78    8.38
  41650.495   132.815   -10.88   10.18
  42019.856   125.893   -18.74   10.82
  42389.315   120.855   -13.64    9.47
  42758.874   120.326    -1.43    9.54
  43128.532   126.840    17.62   13.58
  43498.290   134.060    19.53   13.90
  43868.146   141.541    20.23   11.24
  44238.102   148.847    19.75    9.95
  44608.158   155.713    18.55    9.63
  44978.313   162.744    19.00   11.14
  45348.567   164.705     5.30   12.25
  45718.922   162.705    -5.40   13.80
  46089.376   160.178    -6.82   12.38
  46459.930   157.598    -6.96    7.70
  46830.585   160.272     7.22    8.00
  47201.339   166.844    17.73    9.38
  47572.193   171.311    12.05    9.70
  47943.148   174.222     7.85    8.55
  48314.203   173.916    -0.82    8.91
  48685.358   172.065    -4.99   10.93
  49056.614   169.856    -5.95   11.84
  49427.970   167.084    -7.46   12.23
  49799.427   162.849   -11.40   11.97
  50170.985   156.393   -17.38   11.18
  50542.644   151.580   -12.95    9.06
  50914.403   153.528     5.24   10.57
  51286.264   158.047    12.15   11.65
  51658.225   164.424    17.14   10.64
  52030.288   166.725     6.18    8.40
  52402.451   164.656    -5.56    9.18
  52774.717   161.122    -9.49   11.25
  53147.083   155.729   -14.48   11.31
  53519.551   152.099    -9.75   10.44
  53892.121   151.363    -1.98   10.46
  54264.792   153.713     6.31   10.15
  54637.565   156.255     6.82    7.45
  55010.440   159.089     7.60    5.81
  55383.417   160.438     3.62    6.64
  55756.495   159.789    -1.74    8.55
  56129.676   158.578    -3.25    9.09
  56502.959   159.427     2.28    8.42
  56876.344   158.710    -1.92    8.42
  57249.832   160.116     3.76    9.56
  57623.422   163.692     9.57   11.55
  57997.114   169.459    15.43   12.67
  58370.909   175.244    15.48   11.70
  58744.807   178.424     8.50    8.18
  59118.807   181.137     7.26    6.34
  59492.910   184.655     9.40    8.46
  59867.117   190.691    16.13   13.70
  60241.426   201.724    29.47   19.88
  60615.838   209.375    20.44   18.45
  60990.354   213.949    12.21   15.65
  61364.972   208.408   -14.79   15.81
  61739.694   201.871   -17.45   12.86
  62114.520   193.523   -22.27   10.89
  62489.449   187.713   -15.50   11.75
  62864.482   185.375    -6.24   15.42
  63239.618   186.878     4.01   19.21
  63614.858   189.550     7.12   19.24
  63990.202   187.570    -5.28   17.16
  64365.651   178.005   -25.48   21.34
  64741.203   166.267   -31.26   20.28
  65116.859   157.885   -22.31   14.78
  65492.619   161.397     9.35   14.48
  65868.484   166.749    14.24   11.25
  66244.453   170.033     8.74    6.43
  66620.527   165.732   -11.44    8.30
  66996.705   159.257   -17.21    7.74
  67372.988   153.916   -14.19    5.94
  67749.376   152.393    -4.05    6.63
  68125.869   155.518     8.30   10.74
  68502.466   164.257    23.21   13.80
  68879.169   173.886    25.56   13.31
  69255.976   184.260    27.53   10.09
  69632.889   190.857    17.50    8.45
  70009.907   195.968    13.56    6.99
  70387.031   198.748     7.37    6.64
  70764.260   197.612    -3.01    8.31
  71141.594   194.693    -7.74   10.17
  71519.035   188.496   -16.42   12.48
  71896.581   180.938   -20.02   14.07
  72274.232   171.297   -25.53   14.45
  72651.990   162.239   -23.98   14.55
  73029.854   153.308   -23.64   14.52
  73407.824   143.588   -25.72   13.33
  73785.900   135.282   -21.97   12.02
  74164.082   128.557   -17.78   10.98
  74542.371   124.708   -10.17    8.29
  74920.766   120.879   -10.12    8.63
  75299.268   114.893   -15.82   12.60
  75677.876   103.386   -30.39   16.59
  76056.591    90.999   -32.71   13.97
  76435.413    79.954   -29.16    8.99
  76814.342    73.364   -17.39    7.36
  77193.378    68.381   -13.15    6.13
  77572.521    64.195   -11.04    5.27
  77951.771    61.111    -8.13    4.54
  78331.128    58.815    -6.05    4.55
  78710.593    55.908    -7.66    4.76
  79090.165    54.143    -4.65    6.90
  79469.845    65.643    30.29   25.91
  79849.633    83.791    47.79   35.45
  80229.528   107.599    62.67   31.02
  80609.531   122.249    38.55   17.62
  80989.642   127.578    14.02   13.77
  81369.861   130.641     8.06   15.60
  81750.188   125.533   -13.43   19.62
  82130.624   116.530   -23.67   25.10
  82511.167   104.479   -31.67   23.09
  82891.819    95.257   -24.23   14.60
  83272.580    97.059     4.73   17.29
  83653.449   104.754    20.20   17.98
  84034.427   109.818    13.29   15.70
  84415.514   113.954    10.85   13.02
  84796.709   110.827    -8.20   16.66
  85178.014    97.467   -35.04   20.09
  85559.427    81.649   -41.47   17.38
  85940.950    71.630   -26.26   10.94
  86322.582    67.908    -9.75    5.20
  86704.323    70.364     6.43    7.23
  87086.174    75.432    13.27    8.15
  87468.134    84.079    22.64   11.62
  87850.204    90.320    16.34   10.99
  88232.384    93.969     9.55    8.47
  88614.673    96.471     6.55    7.95
  88997.072    99.401     7.66    9.51
  89379.582   104.252    12.68   11.93
  89762.201   116.960    33.22   19.02
  90144.931   133.358    42.85   25.67
  90527.771   148.573    39.74   27.73
  90910.721   164.674    42.05   23.02
  91293.782   170.173    14.36   21.85
  91676.953   169.563    -1.59   19.37
  92042.261   164.408   -14.11   15.92
  92405.061   154.147   -28.28   19.81
  92767.957   142.967   -30.81   21.49
  93130.948   132.468   -28.92   16.39
  93494.034   125.022   -20.51    9.53
  93857.215   118.345   -18.38   10.87
  94220.492   109.078   -25.51   15.64
  94583.864    97.797   -31.04   14.31
  94947.332    90.339   -20.52    9.56
  95310.895    86.237   -11.28    5.22
  95674.554    86.153    -0.23    5.44
  96038.309    87.879     4.75    6.09
  96402.159    90.149     6.24    7.39
  96766.106    92.655     6.88    7.65
  97130.148    96.101     9.47    8.16
  97494.287    99.489     9.31    8.73
  97858.522   103.197    10.18    8.91
  98222.853   104.869     4.59    8.78
  98587.280   105.631     2.09    7.86
  98951.804   106.247     1.69    7.75
  99316.424   108.507     6.20    9.85
  99681.140   117.498    24.65   18.11
 100045.954   138.814    58.43   34.22
 100410.864   159.916    57.83   33.99
 100775.870   174.502    39.96   24.40
 101140.974   192.739    49.95   28.85
 101506.174   193.079     0.93   33.21
 101871.472   201.448    22.91   39.24
 102236.867   229.872    77.79   53.46
 102602.359   252.553    62.06   58.94
 102967.948   275.802    63.60   42.81
 103333.634   268.034   -21.24   41.94
 103699.418   241.082   -73.69   43.67
 104065.299   217.578   -64.24   30.62
 104431.278   198.743   -51.47   21.81
 104797.355   189.053   -26.47   17.87
 105163.529   184.688   -11.92   15.77
 105529.801   182.831    -5.07   13.22
 105896.171   190.908    22.05   13.95
 106262.639   202.119    30.59   13.26
 106629.205   215.242    35.80   13.96
 106995.870   224.666    25.70   13.60
 107362.632   230.339    15.47   10.58
 107729.493   228.427    -5.21   12.78
 108096.452   216.020   -33.81   20.83
 108463.509   200.967   -41.01   25.28
 108830.665   182.707   -49.74   22.11
 109197.920   166.893   -43.06   12.85
 109565.274   159.923   -18.98    8.43
 109932.726   155.227   -12.78    6.68
 110300.277   150.731   -12.23    7.40
 110667.927   145.633   -13.87    8.12
 111035.676   139.673   -16.21    7.43
 111403.524   134.139   -15.04    5.83
 111771.472   129.835   -11.70    5.32
 112139.518   126.966    -7.79    4.66
 112507.664   124.428    -6.90    4.02
 112875.910   122.710    -4.67    3.73
 113244.255   121.011    -4.61    3.65
 113612.699   119.325    -4.57    4.41
 113981.244   117.930    -3.78    4.49
 114349.888   117.930    -0.00    4.51
 114718.632   118.610     1.84    4.28
 115087.475   119.523     2.48    3.25
 115456.419   119.793     0.73    3.01
 115825.463   119.393    -1.08    2.39
 116194.607   120.199     2.18    2.80
 116563.852   119.786    -1.12    3.48
 116933.197   119.582    -0.55    4.22
 117302.642   119.371    -0.57    4.86
 117672.188   118.865    -1.37    5.93
 118041.834   117.908    -2.59    6.89
 118411.581   117.412    -1.34    6.99
 118781.429   118.449     2.80    6.37
 119151.378   119.217     2.08    4.91
 119521.428   120.488     3.43    3.55
 119891.578   120.952     1.25    3.96
 120261.830   120.857    -0.26    4.15
 120632.183   121.098     0.65    4.41
 121002.637   121.223     0.34    4.16
 121373.193   120.595    -1.69    4.20
