# NaN NaN NaN ;Mean Elev.(m), Avg Gradient(m/km), RMS Gradient(m/km) - SRTM1     
#   -9.000  -4.738   8.424 ;Mean Elev.(m), Avg Gradient(m/km), RMS Gradient(m/km) - ASTER GDEM
#    5.649  -4.422  19.711 ;Mean Elev.(m), Avg Gradient(m/km), RMS Gradient(m/km) - GMTED2010 
  7  88.294048  73.087761   -15.423   -15.472  5 52448.58965327 25.251
  8  88.303864  73.091775     7.572     7.104  5 52483.58964142 22.455
  9  88.304929  73.098067     7.220     7.075  4 52518.58960156 21.151
 10  88.288336  73.085785     1.490     0.769  5 52553.58965022 30.841
 11  88.301555  73.094064     2.396     0.712  3 52588.58963327 15.034
 12  88.308137  73.096856     6.662     4.235  4 52623.58958399  9.478
 13  88.299082  73.091851     6.632     6.891  3 52658.58960279  8.304
 15  88.303227  73.091197     5.409     5.401  5 52728.58962173  9.200
 16  88.305729  73.095520     4.618     4.004  4 52763.58963478  7.199
 17  88.297910  73.084698     6.984     7.027  6 52798.58960804  7.861
 18  88.295152  73.086663     8.432     8.882  6 52833.58967855 20.101
 19  88.305849  73.089056     2.141     2.181  4 52868.58972097 20.707
 20  88.304869  73.092426     7.861     7.342  4 52903.58973416 20.445
 21  88.304864  73.102403     0.959     0.965  3 52938.58967238 36.110
 22  88.298085  73.086489     2.824     2.693  5 52973.58970639 18.556
 23  88.301662  73.089624     2.925     2.991  5 53008.58971471 14.088
 24  88.292652  73.084356     3.608     3.702  6 53043.58967198 10.187
 25  88.302355  73.091560     2.782     3.179  4 53078.58970629 10.671
 26  88.292260  73.082863     3.504     3.278  6 53113.58967566 10.703
 27  88.300556  73.087458     3.743     3.701  5 53148.58972133  9.030
 28  88.309681  73.088730     8.741     8.789  3 53183.58971870 39.312
 30  88.316099  73.092302     1.954     1.954  2 53253.58972118 19.826
 31  88.302806  73.076720     2.098     2.075  3 53288.58972178 28.712
 32  88.304010  73.093102     2.916     2.899  4 53323.58970016 14.574
 33  88.306309  73.098788     2.469     2.453  4 53358.58966451 10.617
 34  88.294913  73.084399     3.577     3.733  7 53393.58967879 10.372
 35  88.305864  73.096973     1.383     1.414  4 53428.58967472  9.440
 36  88.296529  73.085088     3.111     3.217  6 53463.58969377  9.275
 37  88.299170  73.087101     3.255     3.113  5 53498.58976301  9.293
 38  88.306309  73.093179     5.392     5.298  4 53533.58974719 37.121
 39  88.305200  73.089488     5.397     5.696  3 53568.58976341 18.890
 40  88.303371  73.100483     4.266     4.167  4 53603.58971119 32.836
 41  88.296623  73.083084     7.212     7.486  6 53638.58970688 21.969
 42  88.300997  73.086881     4.697     4.709  5 53673.58972771 19.787
 43  88.306692  73.099902     2.329     1.853  4 53708.58966084 13.901
 44  88.313597  73.102854     4.772     5.391  4 53743.58957174 10.219
 45  88.301174  73.092025     3.648     2.847  4 53778.58959820 10.910
 46  88.308887  73.103025     8.721     7.004  4 53813.58957397  6.716
 47  88.291622  73.086150     5.843     5.680  6 53848.58962946  8.474
 49  88.305844  73.084944     5.739     5.739  2 53918.58970992 19.328
 50  88.306831  73.085724     2.613     2.873  3 53953.58971212 19.699
 52  88.295070  73.086300     1.253     1.423  6 54023.58969314 34.819
 55  88.289512  73.085990     4.185     3.963  6 54128.58960412 10.722
 56  88.304639  73.092264     6.533     6.544  4 54163.58963579  7.149
 57  88.296350  73.086246     5.435     5.239  5 54198.58960647 10.778
 58  88.300450  73.088848     6.470     6.281  5 54233.58964920  8.447
 59  88.305996  73.089903     6.708     6.709  3 54268.58966831 36.927
 61  88.304522  73.094460     6.701     6.564  4 54338.58965764 18.254
 63  88.304133  73.091293     1.513     1.510  4 54408.58960272 19.513
 64  88.293798  73.083569     2.255     2.440  6 54443.58956587 12.571
 65  88.302239  73.091590     2.079     2.130  4 54478.58959244 10.134
 66  88.295392  73.084504     3.180     2.710  7 54513.58958089  9.957
 67  88.306123  73.093675     4.937     5.286  4 54548.58960636  8.961
 68  88.300532  73.090458     3.624     3.714  5 54583.58957754 10.121
 69  88.301230  73.090788     6.933     7.005  5 54618.58959774  8.329
 70  88.305219  73.089046     8.248     8.099  3 54653.58960896 18.153
 71  88.301358  73.095421     2.930     0.956  3 54688.58959885 20.469
 72  88.300102  73.082298     2.079     2.200  5 54723.58955615 22.847
 73  88.301791  73.092357     1.427     1.474  4 54758.58957409 29.618
 74  88.293572  73.083033     1.475     1.330  6 54793.58954976 13.997
 75  88.299766  73.090660     1.612     1.291  5 54828.58957256 13.282
 76  88.297270  73.085432     3.781     4.153  6 54863.58954434 12.586
 77  88.302546  73.093257     3.612     3.837  4 54898.58957259 10.926
 78  88.296833  73.087704     4.729     4.873  6 54933.58953904  8.943
 79  88.301785  73.090527     3.132     2.854  4 54968.58957347  8.874
 80  88.300791  73.089775     7.425     7.461  4 55003.58959308 28.955
 81  88.308068  73.088983     2.654     2.654  2 55038.58957972 19.799
 82  88.307591  73.093628     2.289     2.364  4 55073.58956548 24.054
 83  88.296802  73.085445     6.519     6.521  6 55108.58951176 22.439
 84  88.303608  73.091881     1.500     1.597  5 55143.58951689 25.080
 85  88.292579  73.084195     2.655     2.898  6 55178.58948488 15.778
 86  88.302077  73.091831     2.928     3.067  4 55213.58951155 12.547
 87  88.296281  73.087919     3.151     3.596  5 55248.58948515 12.177
 88  88.302533  73.094292     2.536     3.029  4 55283.58950578 11.246
 89  88.303134  73.090514     2.037     1.886  5 55318.58947570 11.622
 90  88.301787  73.093516     1.268     1.399  4 55353.58947850 27.984
 91  88.296013  73.085590     7.354     7.328  6 55388.58947513 21.150
 92  88.303256  73.091416     5.251     5.207  4 55423.58949568 21.755
 93  88.303846  73.096800     2.738     2.482  4 55458.58946803 22.240
