 -81061.143    80.969     0.00    6.60
 -80689.712    84.883    10.54    9.53
 -80318.184    91.607    18.10   12.90
 -79946.558    98.151    17.61   11.48
 -79574.835   100.793     7.11   10.33
 -79203.015   102.735     5.22   10.95
 -78831.096   100.591    -5.77   12.41
 -78459.080    97.380    -8.63   12.15
 -78086.966    91.883   -14.77   12.15
 -77714.755    83.007   -23.84   13.03
 -77342.445    74.166   -23.75   11.44
 -76970.037    67.589   -17.66    8.21
 -76597.531    64.408    -8.54    6.20
 -76224.927    64.841     1.16    7.53
 -75852.225    65.670     2.22    8.69
 -75479.425    65.721     0.14    8.04
 -75106.525    65.651    -0.19    6.63
 -74733.528    67.000     3.61    6.09
 -74360.432    68.625     4.36    6.46
 -73987.237    71.021     6.42    7.41
 -73613.944    74.047     8.11    8.59
 -73240.551    76.631     6.92   10.38
 -72867.060    74.706    -5.15   10.41
 -72493.470    71.841    -7.67   11.55
 -72119.781    68.180    -9.80   11.35
 -71745.992    64.652    -9.44   10.25
 -71372.105    63.527    -3.01   10.78
 -70998.118    66.418     7.73   11.85
 -70624.032    73.441    18.77   15.95
 -70249.846    81.556    21.69   17.14
 -69875.561    89.549    21.35   13.91
 -69501.176    93.833    11.44    8.59
 -69126.692    93.091    -1.98    8.04
 -68752.108    92.476    -1.64    9.43
 -68377.424    91.502    -2.60   11.99
 -68002.640    90.738    -2.04   12.58
 -67627.756    87.629    -8.29   13.39
 -67252.772    85.409    -5.92   14.24
 -66877.687    83.134    -6.06   14.07
 -66502.503    82.789    -0.92   13.61
 -66127.218    85.444     7.07   12.38
 -65751.833    87.052     4.28   11.96
 -65376.347    85.038    -5.37   12.41
 -65000.761    80.071   -13.22   13.01
 -64625.074    75.042   -13.38   12.28
 -64249.286    75.409     0.97   11.38
 -63873.398    77.206     4.78    9.02
 -63497.409    78.954     4.65    5.90
 -63121.318    76.976    -5.26    4.56
 -62745.127    74.555    -6.43    3.46
 -62368.834    73.431    -2.99    3.44
 -61992.441    73.728     0.79    5.20
 -61615.946    73.694    -0.09    6.36
 -61239.349    70.412    -8.72    8.56
 -60862.651    66.799    -9.59    8.60
 -60485.852    63.433    -8.93    7.26
 -60108.951    60.778    -7.04    4.44
 -59731.948    59.132    -4.36    2.40
 -59354.844    59.258     0.33    2.46
 -58977.637    59.824     1.50    2.65
 -58600.329    60.620     2.11    2.82
 -58222.918    61.770     3.05    2.57
 -57845.406    62.977     3.20    2.10
 -57467.791    63.185     0.55    1.82
 -57090.074    62.936    -0.66    2.07
 -56712.255    62.039    -2.37    2.51
 -56334.333    61.361    -1.79    2.31
 -55956.308    60.239    -2.97    2.54
 -55578.181    58.976    -3.34    2.83
 -55199.952    57.631    -3.56    2.34
 -54821.619    56.889    -1.96    2.00
 -54443.184    56.721    -0.44    1.81
 -54064.645    57.662     2.49    2.69
 -53686.004    58.903     3.28    3.20
 -53307.259    59.941     2.74    3.65
 -52928.411    61.046     2.92    3.72
 -52549.460    62.204     3.06    3.38
 -52170.406    63.704     3.96    2.87
 -51791.248    64.579     2.31    2.72
 -51411.987    64.996     1.10    2.72
 -51032.622    64.614    -1.01    2.88
 -50653.153    64.513    -0.27    3.04
 -50273.580    64.345    -0.44    2.87
 -49893.904    64.187    -0.41    2.67
 -49514.123    64.093    -0.25    2.44
 -49134.239    64.372     0.73    2.25
 -48754.250    65.723     3.56    2.42
 -48374.157    68.321     6.83    4.11
 -47993.960    74.601    16.52   10.56
 -47613.658    84.738    26.66   14.64
 -47233.252    93.341    22.61   13.08
 -46852.741   100.987    20.10    9.40
 -46472.126   105.294    11.31   11.47
 -46091.406   106.721     3.75   12.58
 -45710.581   104.628    -5.49   17.88
 -45329.651    97.360   -19.08   20.95
 -44948.616    90.922   -16.90   17.20
 -44567.476    93.585     6.99   18.93
 -44186.231   103.891    27.03   16.70
 -43804.881   111.614    20.25    7.43
 -43423.425   109.881    -4.54   11.33
 -43041.863   101.668   -21.52   15.69
 -42660.197    89.628   -31.54   20.43
 -42278.424    76.636   -34.03   19.26
 -41896.546    66.528   -26.47   14.57
 -41514.562    59.459   -18.51    3.49
 -41132.473    58.841    -1.62    0.00
 -40750.277    58.841     0.00    0.00
 -40367.975    58.841     0.00    0.00
 -39985.567    58.841     0.00    0.00
 -39603.053    58.841     0.00    0.00
 -39220.432    58.841     0.00    0.00
 -38837.706    58.841     0.00    0.00
 -38454.872    58.841     0.00    0.00
 -38086.282    58.841     0.00    0.00
 -37723.170    58.841     0.00    0.00
 -37359.965    58.841     0.00    0.00
 -36996.667    58.841     0.00    0.00
 -36633.277    58.841     0.00    0.00
 -36269.794    58.841     0.00    0.00
 -35906.219    58.841     0.00    0.00
 -35542.550    59.143     0.83    1.71
 -35178.788    61.754     7.18    8.95
 -34814.934    70.856    25.02   19.02
 -34450.986    85.300    39.68   25.32
 -34086.945    96.216    29.99   22.23
 -33722.811   100.888    12.83   18.55
 -33358.583    96.849   -11.09   21.78
 -32994.262    90.349   -17.84   21.45
 -32629.848    89.290    -2.91   18.77
 -32265.340    87.940    -3.70   16.48
 -31900.738    91.510     9.79   17.56
 -31536.043    94.410     7.95   18.45
 -31171.254    95.365     2.62   20.73
 -30806.371   102.638    19.93   20.23
 -30441.394   108.620    16.39   17.03
 -30076.324   114.554    16.25   10.13
 -29711.159   114.698     0.39   10.51
 -29345.900   110.150   -12.45   13.50
 -28980.547   101.915   -22.54   15.90
 -28615.099    92.442   -25.92   18.13
 -28249.557    83.081   -25.61   17.99
 -27883.921    73.141   -27.19   15.37
 -27518.190    65.958   -19.64   15.18
 -27152.365    60.106   -16.00   13.88
 -26786.445    54.691   -14.80    9.99
 -26420.430    54.904     0.58    8.98
 -26054.321    55.683     2.13    9.12
 -25688.116    58.649     8.10    9.07
 -25321.817    61.818     8.65    7.28
 -24955.422    64.044     6.08    5.15
 -24588.933    64.482     1.20    4.62
 -24222.348    64.731     0.68    4.70
 -23855.668    64.247    -1.32    4.82
 -23488.893    65.510     3.44    5.21
 -23122.022    65.593     0.22    5.58
 -22755.056    63.754    -5.01    6.25
 -22387.995    60.866    -7.87    8.67
 -22020.837    55.581   -14.39   10.63
 -21653.584    49.794   -15.76   10.36
 -21286.235    45.188   -12.54   11.22
 -20918.791    39.368   -15.84   11.41
 -20551.250    38.140    -3.34   11.80
 -20183.614    40.369     6.06   13.89
 -19815.881    40.748     1.03   13.86
 -19448.052    41.849     2.99   13.34
 -19080.127    41.277    -1.55   13.76
 -18712.106    39.004    -6.18   12.02
 -18343.988    39.521     1.40   11.23
 -17975.774    43.317    10.31   10.75
 -17607.463    45.520     5.98   11.47
 -17239.055    47.979     6.67   10.14
 -16870.551    47.935    -0.12    9.56
 -16501.950    45.810    -5.77   10.01
 -16133.253    43.316    -6.76    9.07
 -15764.458    40.515    -7.59    9.75
 -15395.566    38.980    -4.16    9.88
 -15026.578    37.816    -3.16   10.62
 -14657.492    37.438    -1.02   10.34
 -14288.308    37.653     0.58   10.26
 -13919.028    40.857     8.68    8.73
 -13549.650    43.200     6.34    8.42
 -13180.175    43.614     1.12    7.48
 -12810.602    42.313    -3.52    9.94
 -12440.931    37.283   -13.61   12.43
 -12071.163    32.633   -12.57   10.30
 -11701.297    31.052    -4.27    8.82
 -11331.333    32.755     4.60    9.37
 -10961.271    36.898    11.20    8.78
 -10591.112    38.918     5.46    8.83
 -10220.854    39.686     2.07   10.30
  -9850.498    39.024    -1.79   12.33
  -9480.043    35.733    -8.88   13.68
  -9109.491    31.677   -10.95   14.53
  -8738.839    29.719    -5.28   12.95
  -8368.090    28.283    -3.87   10.59
  -7997.242    28.337     0.15    9.28
  -7626.295    30.657     6.25    7.11
  -7255.249    28.360    -6.19    8.10
  -6884.105    25.156    -8.63    8.84
  -6512.862    21.461    -9.95    9.16
  -6141.520    17.110   -11.72    8.41
  -5770.078    13.246   -10.40    8.08
  -5398.538     9.058   -11.27    6.11
  -5026.898     5.763    -8.86    3.38
  -4655.159     3.956    -4.86    1.84
  -4283.321     3.036    -2.47    0.84
  -3911.383     2.567    -1.26    0.64
  -3539.346     2.025    -1.46    1.28
  -3167.209     1.569    -1.22    1.80
  -2794.973     1.673     0.28    2.14
  -2422.636     1.818     0.39    2.29
  -2050.200     1.949     0.35    2.14
  -1677.664     2.559     1.64    1.82
  -1305.028     1.948    -1.64    1.79
   -932.292     0.903    -2.80    1.96
   -559.455     0.036    -2.33    1.91
   -186.518     0.972     2.51    3.84
    186.519     3.353     6.38    5.36
    559.656     6.849     9.37    5.22
    932.894     9.255     6.45    2.99
   1306.232    10.451     3.20    2.14
   1679.672    11.731     3.43    3.68
   2053.212    11.964     0.62    3.77
   2426.852    11.616    -0.93    3.88
   2800.594    10.072    -4.13    3.84
   3174.437     9.544    -1.41    3.66
   3548.381     9.903     0.96    4.91
   3922.426    11.572     4.46    5.98
   4296.572    12.849     3.41    6.92
   4670.819    13.949     2.94    6.89
   5045.168    14.174     0.60    6.83
   5419.619    12.766    -3.76    6.61
   5794.171    12.079    -1.83    7.36
   6168.825    10.638    -3.85    7.16
   6543.580     7.981    -7.09    6.11
   6918.437     5.641    -6.24    3.62
   7293.397     4.849    -2.11    2.88
   7668.458     4.786    -0.17    2.81
   8043.621     5.352     1.51    4.03
   8418.887     7.128     4.73    5.50
   8794.254     8.856     4.60    6.31
   9169.724     9.528     1.79    5.68
   9545.297     9.458    -0.19    3.84
   9920.972     9.174    -0.76    3.00
  10296.749     9.062    -0.30    3.06
  10672.629     9.133     0.19    2.76
  11048.612     8.887    -0.65    3.00
  11424.698     8.252    -1.69    2.96
  11800.887     7.525    -1.93    3.09
  12177.179     6.046    -3.93    3.78
  12553.573     5.802    -0.65    4.82
  12930.071     6.610     2.15    6.33
  13306.673     9.599     7.94    7.48
  13683.377    13.650    10.75    7.08
  14060.185    14.461     2.15    6.73
  14437.097    14.028    -1.15    6.84
  14814.112    13.864    -0.44    7.30
  15191.231    16.304     6.47   10.81
  15568.454    20.525    11.19   11.59
  15945.780    24.663    10.96   10.12
  16323.211    28.106     9.12    9.96
  16700.745    31.462     8.89   10.79
  17078.384    36.724    13.93   10.76
  17456.127    41.360    12.27    8.48
  17833.974    44.648     8.70   10.38
  18211.926    47.064     6.39   12.41
  18589.982    47.604     1.43   14.58
  18968.143    52.000    11.62   15.99
  19346.408    54.275     6.02   17.09
  19724.778    54.986     1.88   17.85
  20103.253    53.881    -2.92   15.70
  20481.832    47.505   -16.84   16.22
  20860.517    38.138   -24.74   14.85
  21239.307    28.856   -24.50   10.25
  21618.202    22.689   -16.28    8.19
  21997.202    16.833   -15.45   10.04
  22376.308    10.932   -15.57   10.40
  22755.519     6.515   -11.65    6.80
  23134.836     5.153    -3.59    5.10
  23514.258     6.713     4.11    5.48
  23893.786     9.101     6.29    5.62
  24273.420    10.001     2.37    4.56
  24653.159     9.972    -0.08    3.72
  25033.005     9.383    -1.55    3.25
  25412.956     9.487     0.27    3.40
  25793.014    10.583     2.88    3.90
  26173.178    11.551     2.55    4.20
  26553.449    11.841     0.76    3.90
  26933.825    11.652    -0.50    4.73
  27314.309    10.574    -2.83    4.81
  27694.899     9.915    -1.73    5.37
  28075.595    16.121    16.30   13.16
  28456.399    27.941    31.04   20.07
  28837.309    45.128    45.12   24.66
  29218.326    64.788    51.60   23.46
  29599.450    76.712    31.29   17.46
  29980.682    77.464     1.97   17.07
  30362.020    73.036   -11.61   18.39
  30743.466    67.770   -13.80   16.53
  31125.020    63.375   -11.52   13.89
  31506.681    61.534    -4.82   10.89
  31888.449    60.811    -1.90    7.22
  32270.325    61.731     2.41    8.75
  32652.309    65.287     9.31   12.08
  33034.401    67.971     7.02   18.46
  33416.601    71.341     8.82   23.59
  33798.909    82.015    27.92   25.59
  34181.325    95.119    34.27   22.19
  34563.849   110.045    39.02   15.87
  34946.481   121.447    29.80   13.95
  35329.222   130.216    22.91   12.05
  35712.072   132.632     6.31   10.16
  36095.030   126.085   -17.10   14.94
  36472.569   115.726   -27.44   16.35
  36835.465   110.454   -14.53   13.04
  37198.455   106.786   -10.11   12.30
  37561.539   102.672   -11.33   13.49
  37924.717   100.401    -6.25   11.87
  38287.990    98.487    -5.27    9.36
  38651.356    96.548    -5.33    9.52
  39014.817    98.450     5.23    9.68
  39378.372   100.210     4.84    9.01
  39742.021   104.269    11.16   10.84
  40105.765   109.142    13.39    9.82
  40469.604   115.247    16.78   11.41
  40833.537   122.279    19.32   12.93
  41197.564   128.749    17.77   12.46
  41561.687   133.409    12.80   10.09
  41925.904   133.185    -0.61   14.14
  42290.216   129.683    -9.61   16.47
  42654.624   127.644    -5.60   15.95
  43019.126   127.817     0.47   14.99
  43383.723   130.472     7.28   16.66
  43748.416   137.006    17.92   17.21
  44113.204   145.442    23.13   17.72
  44478.087   157.245    32.35   19.08
  44843.066   169.164    32.66   18.57
  45208.141   176.464    20.00   16.29
  45573.310   178.718     6.17   13.40
  45938.576   179.751     2.83   10.94
  46303.937   181.387     4.48   10.81
  46669.395   184.939     9.72   11.38
  47034.948   188.848    10.69   10.24
  47400.597   190.818     5.39    7.36
  47766.342   187.995    -7.72    8.58
  48132.183   184.220   -10.32   12.40
  48498.121   180.025   -11.46   15.28
  48864.155   176.691    -9.11   16.82
  49230.285   177.224     1.46   15.73
  49596.512   177.179    -0.12   13.61
  49962.835   175.897    -3.50   13.06
  50329.255   165.735   -27.73   17.37
  50695.771   156.055   -26.41   13.46
  51062.384   151.345   -12.85    8.70
  51429.094   150.284    -2.89    8.39
  51795.901   149.311    -2.66    9.56
  52162.805   144.706   -12.55   11.92
  52529.806   140.841   -10.53    9.38
  52896.905   140.675    -0.45    8.30
  53264.100   141.265     1.61    8.44
  53631.393   139.299    -5.35   10.43
  53998.783   136.977    -6.32   11.78
  54366.271   132.217   -12.95   12.09
  54733.856   126.322   -16.04   13.46
  55101.539   117.106   -25.07   14.99
  55469.319   105.057   -32.76   13.00
  55837.197    95.555   -25.83   12.73
  56205.174    89.841   -15.53   10.17
  56573.248    87.978    -5.06   10.50
  56941.420    89.149     3.18   10.54
  57309.690    87.159    -5.40   11.24
  57678.058    80.409   -18.33   15.70
  58046.525    68.172   -33.21   17.25
  58415.090    58.189   -27.09   13.87
  58783.754    50.241   -21.56   10.72
  59152.516    45.450   -12.99    8.59
  59521.376    45.401    -0.13    8.56
  59890.335    44.569    -2.26    7.14
  60259.393    41.356    -8.71    8.03
  60628.550    42.038     1.85    8.25
  60997.806    43.465     3.86    9.73
  61367.160    43.405    -0.16   10.79
  61736.614    41.662    -4.72   11.54
  62106.167    33.065   -23.26   11.21
  62475.819    22.251   -29.25   12.50
  62845.570    15.878   -17.24   11.17
  63215.421    10.607   -14.25    8.28
  63585.371     8.744    -5.04    6.64
  63955.421     8.116    -1.70    6.17
  64325.571     8.736     1.68    5.34
  64695.820     9.277     1.46    5.26
  65066.169     9.656     1.02    4.87
  65436.618     8.047    -4.34    5.20
  65807.167     5.065    -8.05    5.57
  66177.816     5.764     1.89    6.14
  66548.565     9.380     9.75    8.66
  66919.414    17.721    22.49   12.53
  67290.363    27.711    26.93   12.28
  67661.413    34.164    17.39    8.67
  68032.564    31.788    -6.40   12.11
  68403.814    23.558   -22.17   16.36
  68775.166    11.123   -33.49   13.59
  69146.618     3.721   -19.93    7.12
  69518.171     0.441    -8.83    3.43
  69889.825    -0.250    -1.86    3.35
  70261.580     0.012     0.71    3.33
  70633.436    -0.400    -1.11    3.10
  71005.393     4.533    13.26   10.08
  71377.451    12.500    21.42   14.31
  71749.611    19.747    19.47   14.19
  72121.872    20.374     1.68   12.19
  72494.234    16.386   -10.71   13.82
  72866.698     6.825   -25.67   13.29
  73239.264    -1.099   -21.27    6.44
  73611.931    -4.331    -8.67    1.40
  73984.700    -4.671    -0.91    1.22
  74357.571    -2.648     5.43    3.73
  74730.544    -0.510     5.73    4.41
  75103.619     1.587     5.62    3.99
  75476.796     3.488     5.09    3.44
  75850.075     2.924    -1.51    4.12
  76223.457     1.341    -4.24    3.71
  76596.941     0.032    -3.50    3.19
  76970.527    -1.205    -3.31    2.68
  77344.217    -2.242    -2.77    2.88
  77718.008    -3.505    -3.38    2.25
  78091.903    -4.572    -2.85    1.29
  78465.900    -5.144    -1.53    0.17
  78840.000    -5.159    -0.04    0.00
  79214.203    -5.033     0.34    0.60
  79588.510    -4.189     2.26    1.56
  79962.919    -3.343     2.26    1.71
  80337.432    -2.347     2.66    1.33
  80712.048    -1.920     1.14    0.75
  81086.767    -2.022    -0.27    0.84
  81461.590    -2.197    -0.47    0.81
  81836.517    -2.343    -0.39    0.81
  82211.547    -2.352    -0.02    0.85
  82586.681    -2.365    -0.04    0.76
  82961.919    -2.353     0.03    0.77
  83337.261    -1.683     1.79    2.54
  83712.707     0.753     6.49    5.20
  84088.257     1.745     2.64    5.18
  84463.911     2.348     1.61    5.05
  84839.670     1.530    -2.18    4.90
  85215.533    -0.678    -5.87    2.41
  85591.500    -0.909    -0.61    1.91
  85967.572     0.303     3.22    2.84
  86343.749     1.933     4.33    3.61
  86720.030     2.924     2.63    3.64
  87096.417     4.120     3.18    3.74
  87472.908     7.663     9.41    6.96
  87849.504    12.751    13.51    9.20
  88226.205    18.266    14.64    8.77
  88603.012    23.464    13.79    6.81
  88979.923    25.004     4.09    6.09
  89356.941    25.780     2.06    4.56
  89734.063    24.751    -2.73    5.72
  90111.291    21.056    -9.80    8.35
  90488.625    17.523    -9.36    7.68
  90866.064    18.011     1.29    7.47
  91243.610    22.796    12.67   10.30
  91621.261    31.552    23.19    9.45
  91999.018    36.407    12.85    6.15
  92376.881    39.239     7.50    4.16
  92754.851    41.495     5.97    5.00
  93132.926    43.833     6.19    5.42
  93511.108    45.950     5.60    4.00
  93889.397    44.056    -5.01    5.67
  94267.792    42.404    -4.37    5.65
  94646.294    40.880    -4.03    4.54
  95024.902    43.179     6.07    5.72
  95403.617    46.386     8.47    4.80
  95782.439    47.750     3.60    4.73
  96161.368    48.167     1.10    5.20
  96540.405    47.190    -2.58    5.20
  96919.548    45.027    -5.70    5.71
  97298.799    41.797    -8.52    6.48
  97678.157    36.421   -14.17    6.33
  98057.622    30.811   -14.78    6.92
  98437.195    26.077   -12.47    7.34
  98816.876    21.485   -12.10    5.38
  99196.664    19.753    -4.56    4.21
  99576.560    20.007     0.67    4.46
  99956.564    19.275    -1.93    5.15
 100336.677    17.617    -4.36    5.66
 100716.897    16.292    -3.48    4.85
 101097.225    15.537    -1.98    6.07
 101477.662    14.282    -3.30    7.69
 101858.207     9.619   -12.25    8.86
 102238.861     3.318   -16.55    6.96
 102619.623    -0.795   -10.80    3.19
 103000.494    -0.823    -0.08    3.10
 103381.473    -0.296     1.39    3.30
 103762.562    -0.130     0.43    3.06
 104143.759    -0.411    -0.74    2.68
 104525.066    -1.143    -1.92    2.16
 104906.481    -1.519    -0.99    1.65
 105288.006    -1.341     0.47    1.49
 105669.640    -1.316     0.07    1.27
 106051.384    -1.692    -0.99    1.28
 106433.237    -2.865    -3.07    1.93
 106815.199    -4.367    -3.93    1.93
 107197.272    -5.463    -2.87    1.19
 107579.454    -6.076    -1.61    0.30
 107961.746    -6.159    -0.22    0.00
 108344.148    -6.159     0.00    0.00
 108726.660    -6.159     0.00    0.00
 109109.283    -6.159     0.00    0.00
 109492.016    -6.159     0.00    0.00
 109874.859    -6.159     0.00    0.00
 110257.812    -6.159     0.00    0.00
 110640.876    -6.159     0.00    0.00
 111024.051    -6.159     0.00    0.00
 111390.575    -6.159     0.00    0.00
 111753.366    -6.159     0.00    0.00
 112116.253    -6.159     0.00    0.00
 112479.234    -6.159     0.00    0.00
 112842.310    -6.159     0.00    0.00
 113205.482    -6.159     0.00    0.00
 113568.750    -6.159     0.00    0.00
 113932.112    -6.159     0.00    0.00
 114295.571    -6.159     0.00    0.00
 114659.125    -6.159     0.00    0.00
 115022.775    -6.159     0.00    0.00
 115386.520    -6.159     0.00    0.00
 115750.362    -6.159     0.00    0.00
 116114.299    -6.159     0.00    0.00
 116478.333    -6.159     0.00    0.00
 116842.462    -6.159     0.00    0.00
 117206.688    -6.159     0.00    0.00
 117571.010    -6.159     0.00    0.00
 117935.429    -6.159     0.00    0.00
 118299.944    -6.159     0.00    0.00
 118664.555    -6.159     0.00    0.00
 119029.263    -6.159     0.00    0.00
 119394.068    -6.159     0.00    0.00
 119758.969    -6.159     0.00    0.00
 120123.967    -6.159     0.00    0.00
 120489.062    -6.159     0.00    0.00
 120854.254    -6.159     0.00    0.00
 121219.544    -6.159     0.00    0.00
 121584.930    -6.159     0.00    0.00
 121950.414    -6.159     0.00    0.00
 122315.994    -6.159     0.00    0.00
 122681.673    -6.159     0.00    0.00
 123047.448    -6.159     0.00    0.00
 123413.322    -6.159     0.00    0.00
 123779.292    -6.159     0.00    0.00
 124145.361    -6.159     0.00    0.00
 124511.527    -6.159     0.00    0.00
 124877.792    -6.159     0.00    0.00
 125244.154    -6.159     0.00    0.00
 125610.614    -6.159     0.00    0.00
 125977.172    -6.159     0.00    0.00
 126343.829    -6.159     0.00    0.00
 126710.584    -6.159     0.00    0.00
 127077.437    -6.159     0.00    0.00
 127444.388    -6.159     0.00    0.00
 127811.438    -6.159     0.00    0.00
 128178.587    -6.159     0.00    0.00
 128545.834    -6.159     0.00    0.00
 128913.181    -6.159     0.00    0.00
 129280.625    -6.159     0.00    0.00
 129648.169    -6.159     0.00    0.00
 130015.812    -6.159     0.00    0.00
 130383.554    -6.159     0.00    0.00
 130751.395    -6.159     0.00    0.00
 131119.336    -6.159     0.00    0.00
 131487.375    -6.159     0.00    0.00
 131855.514    -6.159     0.00    0.00
 132223.753    -6.159     0.00    0.00
 132592.091    -6.159     0.00    0.00
 132960.529    -6.159     0.00    0.00
 133329.066    -6.159     0.00    0.00
 133697.704    -6.159     0.00    0.00
 134066.441    -6.159     0.00    0.00
 134435.278    -6.159     0.00    0.00
 134804.216    -6.159     0.00    0.00
 135173.253    -6.159     0.00    0.00
 135542.391    -6.159     0.00    0.00
 135911.629    -6.159     0.00    0.00
 136280.968    -6.159     0.00    0.00
 136650.407    -6.159     0.00    0.00
 137019.946    -6.159     0.00    0.00
 137389.587    -6.159     0.00    0.00
 137759.328    -6.159     0.00    0.00
 138129.169    -6.159     0.00    0.00
 138499.112    -6.159     0.00    0.00
 138869.156    -6.159     0.00    0.00
 139239.301    -6.159     0.00    0.00
 139609.547    -6.159     0.00    0.00
 139979.894    -6.159     0.00    0.00
 140350.343    -6.159     0.00    0.00
 140720.893    -6.159     0.00    0.00
 141091.544    -6.159     0.00    0.00
 141462.297    -6.159     0.00    0.00
 141833.152    -6.159     0.00    0.00
 142204.109    -6.159     0.00    0.00
 142575.167    -6.159     0.00    0.00
 142946.328    -6.159     0.00    0.00
 143317.590    -6.159     0.00    0.00
 143688.954    -6.159     0.00    0.00
 144060.421    -6.159     0.00    0.00
 144431.990    -6.159     0.00    0.00
 144803.661    -6.159     0.00    0.00
 145175.435    -6.159     0.00    0.00
 145547.312    -6.159     0.00    0.00
 145919.291    -6.159     0.00    0.00
 146291.372    -6.145     0.04    0.12
 146663.557    -5.386     2.04    2.95
 147035.844    -4.975     1.10    3.41
 147408.235    -4.952     0.06    3.38
 147780.728    -5.294    -0.92    2.97
 148153.325    -5.926    -1.70    0.97
 148526.024    -5.907     0.05    0.99
 148898.828    -6.012    -0.28    0.79
 149271.734    -6.159    -0.39    0.00
 149644.744    -6.159     0.00    0.00
 150017.858    -6.159     0.00    0.00
 150391.075    -6.159     0.00    0.00
 150764.396    -6.159     0.00    0.00
 151137.821    -6.159     0.00    0.00
 151511.350    -6.159     0.00    0.00
 151884.983    -6.159     0.00    0.00
 152258.720    -6.159     0.00    0.00
 152632.561    -6.159     0.00    0.00
 153006.507    -6.159     0.00    0.00
 153380.557    -6.159     0.00    0.00
 153754.711    -6.159     0.00    0.00
 154128.970    -6.159     0.00    0.00
 154503.334    -6.159     0.00    0.00
 154877.802    -6.159     0.00    0.00
 155252.376    -6.159     0.00    0.00
 155627.054    -6.159     0.00    0.00
 156001.837    -6.159     0.00    0.00
 156376.725    -6.159     0.00    0.00
 156751.719    -6.159     0.00    0.00
 157126.818    -6.159     0.00    0.00
 157502.022    -6.159     0.00    0.00
 157877.331    -6.159     0.00    0.00
 158252.747    -6.159     0.00    0.00
 158628.268    -6.159     0.00    0.00
 159003.894    -6.159     0.00    0.00
 159379.627    -6.159     0.00    0.00
 159755.465    -6.159     0.00    0.00
