# NaN NaN NaN ;Mean Elev.(m), Avg Gradient(m/km), RMS Gradient(m/km) - SRTM1     
#  -10.000  -1.385   3.411 ;Mean Elev.(m), Avg Gradient(m/km), RMS Gradient(m/km) - ASTER GDEM
#    5.184  -0.666   9.899 ;Mean Elev.(m), Avg Gradient(m/km), RMS Gradient(m/km) - GMTED2010 
  7     7.283 52477.58170170 24.41  90.824046  73.252805 12.888
  7     6.744 52477.58170235 23.47  90.817916  73.255655 12.888
 10     2.268 52582.58168917 16.60  90.835951  73.249336  2.818
 10     6.677 52582.58168982 16.18  90.829821  73.252176  2.818
 10     6.188 52582.58169046 16.13  90.823691  73.255016  2.818
 10     2.943 52582.58169111 16.10  90.817561  73.257866  2.818
 11     7.715 52617.58166034 10.42  90.865430  73.243592  2.841
 11     4.101 52617.58166099 11.05  90.859310  73.246442  2.841
 11     3.273 52617.58166163 11.44  90.853190  73.249282  2.841
 11     6.731 52617.58166228 11.32  90.847060  73.252122  2.841
 11     6.065 52617.58166292 11.20  90.840940  73.254972  2.841
 11     5.177 52617.58166357 10.87  90.834811  73.257814  1.979
 11     4.845 52617.58166421 10.81  90.828681  73.260654  1.979
 12     5.517 52652.58163701 10.38  90.833794  73.250468  2.086
 12     2.711 52652.58163766 10.34  90.827664  73.253308  2.086
 12     4.434 52652.58163830 10.21  90.821524  73.256148  2.086
 13     8.516 52687.58163291  8.61  90.868297  73.244204  2.525
 13     5.516 52687.58163356  9.11  90.862177  73.247044  2.525
 13     5.089 52687.58163420  8.67  90.856050  73.249885  2.022
 13     5.173 52687.58163485  8.99  90.849920  73.252735  2.022
 13     4.341 52687.58163549  9.08  90.843800  73.255575  2.022
 14     7.189 52722.58168241  8.20  90.829331  73.251987  2.504
 14     6.758 52722.58168306  8.20  90.823201  73.254837  2.504
 15     7.844 52757.58170318  6.97  90.845727  73.247110  2.058
 15     4.484 52757.58170383  7.13  90.839601  73.249959  2.011
 15     3.220 52757.58170447  7.17  90.833481  73.252799  2.011
 15     3.170 52757.58170512  7.45  90.827351  73.255639  2.011
 15     4.062 52757.58170576  7.21  90.821221  73.258489  2.011
 19     3.200 52897.58179901 26.30  90.837608  73.251711 18.389
 19     2.698 52897.58179966 28.77  90.831488  73.254551 18.389
 19     3.270 52897.58180030 28.81  90.825358  73.257401 18.389
 19     3.186 52897.58180094 28.63  90.819218  73.260241 18.389
 20    22.523 52932.58174278  9.70  90.872045  73.242585  5.356
 20    13.168 52932.58174343 16.44  90.865925  73.245435  5.356
 20    11.740 52932.58174407 20.79  90.859805  73.248275  5.356
 20     1.947 52932.58174536 34.19  90.847555  73.253965  5.356
 20     1.633 52932.58174601 35.45  90.841432  73.256811  4.417
 22     7.134 53002.58177570 12.08  90.826547  73.252695  2.254
 22     6.383 53002.58177635 12.05  90.820417  73.255545  2.254
 23     5.628 53037.58172207 10.56  90.868362  73.243237  2.697
 23     8.928 53037.58172272 10.73  90.862242  73.246077  2.697
 23     4.189 53037.58172336 11.14  90.856120  73.248922  2.077
 23     4.253 53037.58172401 11.27  90.849990  73.251772  2.077
 23     6.615 53037.58172465 11.06  90.843870  73.254612  2.077
 23     5.938 53037.58172530 11.19  90.837740  73.257452  2.077
 23     5.546 53037.58172594 11.06  90.831610  73.260302  2.077
 24     4.658 53072.58174944  9.33  90.838601  73.249155  2.031
 24     3.574 53072.58175008  9.72  90.832471  73.251995  2.031
 24     3.442 53072.58175073  9.19  90.826341  73.254835  2.031
 24     3.092 53072.58175137  9.33  90.820211  73.257685  2.031
 25     7.463 53107.58172220  9.08  90.878039  73.241735  3.103
 25     5.477 53107.58172284  9.39  90.871919  73.244575  3.103
 25     5.450 53107.58172349  9.17  90.865799  73.247415  3.103
 25     4.300 53107.58172413  9.62  90.859673  73.250261  1.873
 25     3.865 53107.58172478  9.31  90.853553  73.253111  1.873
 25     6.581 53107.58172542  8.89  90.847423  73.255951  1.873
 28     2.084 53212.58180212 28.20  90.836374  73.249751 13.315
 28     1.838 53212.58180276 28.42  90.830244  73.252591 13.315
 28     1.760 53212.58180341 27.68  90.824114  73.255441 13.315
 28     2.241 53212.58180405 24.96  90.817984  73.258281 13.315
 29     1.667 53247.58176955 38.45  90.860789  73.245347 30.724
 29     0.626 53247.58177020 41.54  90.854669  73.248197 30.724
 29     0.752 53247.58177084 36.74  90.848549  73.251037 30.724
 29     0.715 53247.58177149 40.60  90.842419  73.253877 30.724
 29     0.741 53247.58177213 39.69  90.836289  73.256727 30.724
 29     0.773 53247.58177278 48.83  90.830159  73.259567 30.724
 31     7.036 53317.58176370 19.26  90.828121  73.251794  2.747
 31     6.590 53317.58176435 18.64  90.821991  73.254644  2.747
 32     8.084 53352.58172682 14.60  90.869707  73.242819  3.382
 32     6.210 53352.58172747 15.12  90.863587  73.245659  3.382
 32     7.330 53352.58172811 15.35  90.857464  73.248508  2.368
 32     2.381 53352.58172875 15.75  90.851334  73.251348  2.368
 32     6.360 53352.58172940 14.87  90.845204  73.254188  2.368
 32     4.112 53352.58173004 14.51  90.839084  73.257028  2.368
 32     4.458 53352.58173069 14.29  90.832944  73.259878  2.368
 34     5.385 53422.58172198 10.18  90.854244  73.246139  2.127
 34     3.180 53422.58172262 10.45  90.848114  73.248979  2.127
 34     2.834 53422.58172326 10.55  90.841984  73.251829  2.127
 34     6.401 53422.58172391 10.15  90.835864  73.254669  2.127
 34     3.159 53422.58172455 10.69  90.829724  73.257509  2.127
 34     3.501 53422.58172520 10.69  90.823594  73.260349  2.127
 37     0.686 53527.58179255 42.12  90.847683  73.247284 19.361
 37     0.851 53527.58179319 32.49  90.841553  73.250124 19.361
 37     1.061 53527.58179384 28.45  90.835423  73.252974 19.361
 37     0.986 53527.58179448 32.31  90.829293  73.255814 19.361
 37     1.015 53527.58179513 38.12  90.823163  73.258654 19.361
 37     1.081 53527.58179577 37.72  90.817023  73.261494 19.361
 38     9.172 53562.58182239 19.40  90.839749  73.249567 16.733
 38     8.669 53562.58182303 20.44  90.833619  73.252407 16.733
 38     7.127 53562.58182368 20.76  90.827489  73.255257 16.733
 38     4.864 53562.58182432 22.59  90.821359  73.258097 16.733
 39    10.302 53597.58176051 21.56  90.868628  73.243937 17.922
 39     8.852 53597.58176116 21.94  90.862498  73.246787 17.922
 39     3.100 53597.58176180 24.98  90.856378  73.249627 17.922
 39     2.818 53597.58176245 23.90  90.850258  73.252467 17.922
 39     2.984 53597.58176309 22.97  90.844128  73.255317 17.922
 42     4.832 53702.58172357 14.11  90.865122  73.243035  3.243
 42     7.324 53702.58172421 14.44  90.859002  73.245875  3.243
 42     3.270 53702.58172485 14.74  90.852874  73.248722  2.097
 42     5.609 53702.58172550 14.54  90.846754  73.251562  2.097
 42     5.223 53702.58172614 14.59  90.840624  73.254402  2.097
 42     3.915 53702.58172679 14.59  90.834494  73.257252  2.097
 42     4.176 53702.58172743 14.28  90.828364  73.260092  2.097
 44     3.081 53772.58164635 10.86  90.831574  73.251350  2.134
 44     2.872 53772.58164699 11.19  90.825444  73.254190  2.134
 44     3.410 53772.58164764 10.86  90.819314  73.257040  2.134
 49     1.561 53947.58177028 32.54  90.830786  73.251158 15.500
 49     1.731 53947.58177092 28.80  90.824656  73.253998 15.500
 49     1.786 53947.58177157 27.50  90.818526  73.256848 15.500
 50     1.217 53982.58171121 34.98  90.857503  73.247172 13.796
 50     1.979 53982.58171185 31.57  90.851383  73.250012 13.796
 50     1.801 53982.58171250 26.75  90.845253  73.252852 13.796
 50     0.829 53982.58171314 29.34  90.839133  73.255702 13.796
 50     1.698 53982.58171379 28.27  90.833001  73.258542 23.617
 52     8.161 54052.58173388 18.02  90.849951  73.246288  3.674
 52     7.385 54052.58173453 18.84  90.843821  73.249138  3.674
 52     7.245 54052.58173517 18.20  90.837691  73.251978  3.674
 52     6.502 54052.58173582 17.77  90.831561  73.254818  3.674
 52     5.636 54052.58173646 17.34  90.825427  73.257666  3.193
 52     7.371 54052.58173711 17.11  90.819297  73.260506  3.193
 53     7.943 54087.58172553 14.34  90.856688  73.246088  3.171
 53     3.171 54087.58172617 14.42  90.850568  73.248928  3.171
 53     6.758 54087.58172682 14.22  90.844438  73.251768  3.171
 53     6.696 54087.58172746 14.27  90.838318  73.254608  3.171
 53     5.613 54087.58172811 13.78  90.832184  73.257455  2.376
 53     4.419 54087.58172875 14.05  90.826054  73.260295  2.376
 54     8.005 54122.58164624 10.28  90.904380  73.236418  3.022
 54     7.122 54122.58164688 10.36  90.898270  73.239258  3.022
 54     7.023 54122.58164753 10.19  90.892160  73.242108  3.022
 54     7.421 54122.58164817  9.57  90.886040  73.244948  3.022
 54     7.026 54122.58164881  9.78  90.879920  73.247798  3.022
 54     7.158 54122.58164946 10.19  90.873800  73.250638  3.022
 55     4.479 54157.58168892 10.09  90.835116  73.250410  2.497
 55     6.788 54157.58168957 10.09  90.828991  73.253246  2.122
 55     4.414 54157.58169021 10.15  90.822861  73.256096  2.122
 56     9.541 54192.58164677  8.20  90.886600  73.239717  2.044
 56     7.877 54192.58164741  8.80  90.880490  73.242557  2.044
 56     6.249 54192.58164806  8.95  90.874370  73.245407  2.044
 56     6.730 54192.58164870  9.11  90.868250  73.248247  2.044
 56     4.574 54192.58164935  9.33  90.862130  73.251087  2.044
 56     6.611 54192.58164999  9.10  90.856000  73.253937  2.044
 57     7.917 54227.58170128 10.71  90.827895  73.251961  1.801
 57     7.614 54227.58170192 10.34  90.821765  73.254811  1.801
 58     2.382 54262.58171998 48.51  90.832066  73.250692 19.883
 58     2.195 54262.58172063 49.74  90.825936  73.253532 19.883
 58     2.014 54262.58172127 48.91  90.819796  73.256382 19.883
 59     8.009 54297.58172382 23.72  90.847087  73.247350 21.734
 59     2.195 54297.58172447 26.61  90.840967  73.250190 21.734
 59     2.036 54297.58172511 29.70  90.834837  73.253030 21.734
 59     2.006 54297.58172576 27.56  90.828707  73.255880 21.734
 59     2.237 54297.58172640 26.88  90.822577  73.258720 21.734
 59     2.135 54297.58172705 26.67  90.816437  73.261560 21.734
 60     9.075 54332.58171374 21.53  90.855405  73.247054 10.358
 60     3.067 54332.58171439 22.51  90.849275  73.249904 10.358
 60     2.992 54332.58171503 23.56  90.843155  73.252744 10.358
 60     2.760 54332.58171568 24.91  90.837025  73.255594 10.358
 60     3.298 54332.58171632 24.66  90.830895  73.258434 10.358
 62     2.535 54402.58165706 18.50  90.846290  73.247932  3.603
 62     2.099 54402.58165771 19.69  90.840160  73.250782  3.603
 62     2.346 54402.58165835 19.15  90.834030  73.253622  3.603
 62     2.190 54402.58165900 18.60  90.827900  73.256462  3.603
 62     2.423 54402.58165964 18.05  90.821770  73.259302  3.603
 63     5.207 54437.58161293 10.03  90.866555  73.243796  2.147
 63     7.897 54437.58161358 10.55  90.860435  73.246636  2.147
 63     3.116 54437.58161422 10.68  90.854315  73.249486  2.147
 63     3.326 54437.58161487 10.19  90.848185  73.252326  2.147
 63     4.178 54437.58161551 10.47  90.842055  73.255166  2.147
 63     3.988 54437.58161616 10.35  90.835925  73.258006  2.147
 63     3.910 54437.58161680 10.33  90.829795  73.260856  2.147
 65     5.657 54507.58162382  7.75  90.874703  73.243103  2.035
 65     5.379 54507.58162446  7.74  90.868583  73.245943  2.035
 65     5.201 54507.58162511  7.73  90.862453  73.248793  2.035
 65     4.699 54507.58162575  8.43  90.856333  73.251633  2.035
 65     4.217 54507.58162640  8.43  90.850213  73.254473  2.035
 66     5.408 54542.58165686  7.91  90.845585  73.247465  2.558
 66     6.303 54542.58165750  7.37  90.839455  73.250305  2.558
 66     4.262 54542.58165815  7.72  90.833325  73.253145  2.558
 66     4.368 54542.58165879  7.55  90.827192  73.255989  2.208
 66     3.478 54542.58165943  7.86  90.821062  73.258829  2.208
 67    11.101 54577.58162602  7.14  90.877411  73.242601  3.044
 67    10.797 54577.58162667  7.33  90.871297  73.245443  1.890
 67     8.819 54577.58162731  7.61  90.865177  73.248283  1.890
 67     8.185 54577.58162795  7.66  90.859057  73.251133  1.890
 67     8.125 54577.58162860  8.34  90.852927  73.253973  1.890
 68    13.338 54612.58164803  6.96  90.843496  73.248418  1.911
 68    11.261 54612.58164868  7.42  90.837366  73.251268  1.911
 68    11.005 54612.58164932  7.07  90.831236  73.254108  1.911
 68     9.911 54612.58164997  6.99  90.825106  73.256948  1.911
 68     8.822 54612.58165061  6.92  90.818976  73.259788  1.911
 70     2.439 54682.58165469 29.16  90.855841  73.244778 18.441
 70     2.309 54682.58165534 24.62  90.849721  73.247618 18.441
 70     2.387 54682.58165598 25.94  90.843591  73.250458 18.441
 70     2.162 54682.58165662 26.43  90.837461  73.253308 18.441
 70     1.965 54682.58165727 25.55  90.831341  73.256148 18.441
 70     1.939 54682.58165791 24.86  90.825201  73.258988 18.441
 71     9.636 54717.58160166 23.07  90.877168  73.242756 17.311
 71     0.814 54717.58160230 25.58  90.871048  73.245596 17.311
 71     0.755 54717.58160295 29.07  90.864918  73.248436 17.311
 71     0.800 54717.58160359 26.82  90.858802  73.251280 20.146
 71     1.050 54717.58160424 24.02  90.852672  73.254130 20.146
 73     3.556 54787.58159236 12.61  90.866997  73.243660  3.078
 73     7.211 54787.58159300 12.69  90.860877  73.246502  2.234
 73     2.198 54787.58159364 12.56  90.854747  73.249352  2.234
 73     6.403 54787.58159429 13.07  90.848627  73.252192  2.234
 73     6.070 54787.58159493 12.36  90.842497  73.255032  2.234
 73     4.046 54787.58159558 11.94  90.836367  73.257882  2.234
 73     4.308 54787.58159622 12.03  90.830237  73.260722  2.234
 75     9.970 54857.58158825  8.69  90.868293  73.243393  2.337
 75    10.510 54857.58158890  9.36  90.862172  73.246238  1.895
 75     9.492 54857.58158954  9.54  90.856042  73.249088  1.895
 75     9.337 54857.58159018  9.07  90.849922  73.251928  1.895
 75     8.694 54857.58159083  9.38  90.843792  73.254768  1.895
 75     7.283 54857.58159147  9.16  90.837662  73.257618  1.895
 75     6.227 54857.58159212  9.03  90.831532  73.260458  1.895
 76    12.919 54892.58162447  8.35  90.849600  73.246439  1.985
 76     8.166 54892.58162511  8.85  90.843470  73.249289  1.985
 76     7.640 54892.58162576  8.41  90.837340  73.252129  1.985
 76     6.691 54892.58162640  8.66  90.831220  73.254969  1.985
 76     9.151 54892.58162705  8.54  90.825090  73.257809  1.985
 76     4.928 54892.58162769  8.51  90.818950  73.260659  1.985
 77    10.483 54927.58158566  6.77  90.880185  73.241302  2.418
 77    12.496 54927.58158630  6.44  90.874065  73.244152  2.418
 77    10.276 54927.58158695  6.98  90.867938  73.246991  1.906
 77     8.655 54927.58158759  7.24  90.861818  73.249841  1.906
 77     9.750 54927.58158823  7.54  90.855698  73.252681  1.906
 77     8.964 54927.58158888  7.33  90.849568  73.255521  1.906
 78     7.591 54962.58162512  7.41  90.830314  73.250929  2.014
 78     4.512 54962.58162576  7.31  90.824184  73.253769  2.014
 78     4.844 54962.58162641  7.18  90.818054  73.256619  2.014
 80     8.360 55032.58163436 21.31  90.846350  73.247014 18.273
 80     7.702 55032.58163501 20.05  90.840230  73.249864 18.273
 80     7.394 55032.58163565 20.64  90.834100  73.252704 18.273
 80     2.416 55032.58163630 24.19  90.827970  73.255544 18.273
 80     2.270 55032.58163694 25.58  90.821840  73.258394 18.273
 81     1.196 55067.58162204 49.67  90.862641  73.244081 38.013
 81     1.257 55067.58162268 45.45  90.856521  73.246931 38.013
 81     1.264 55067.58162332 42.00  90.850391  73.249771 38.013
 81     1.233 55067.58162397 49.65  90.844271  73.252611 38.013
 81     1.231 55067.58162461 49.59  90.838141  73.255461 38.013
 81     1.269 55067.58162526 46.30  90.832011  73.258301 38.013
 83     2.093 55137.58157084 27.20  90.828173  73.252475  7.363
 83     1.695 55137.58157149 27.61  90.822043  73.255315  7.363
 84     4.301 55172.58152926 20.28  90.873378  73.241798  3.768
 84     3.680 55172.58152990 20.31  90.867257  73.244635  2.928
 84     3.463 55172.58153055 20.51  90.861137  73.247485  2.928
 84     2.747 55172.58153119 20.67  90.855017  73.250325  2.928
 84     3.087 55172.58153184 20.59  90.848887  73.253165  2.928
 84     4.077 55172.58153248 20.04  90.842757  73.256015  2.928
 86     5.150 55242.58153390 13.46  90.876676  73.242368  3.470
 86     5.245 55242.58153454 14.03  90.870556  73.245208  3.470
 86     4.227 55242.58153519 14.47  90.864430  73.248054  2.295
 86     3.935 55242.58153583 14.37  90.858310  73.250904  2.295
 86     4.481 55242.58153648 13.43  90.852190  73.253744  2.295
 87     8.364 55277.58155732 13.14  90.852565  73.246462  2.497
 87     7.939 55277.58155796 13.27  90.846445  73.249312  2.497
 87     7.190 55277.58155861 13.49  90.840315  73.252152  2.497
 87     6.616 55277.58155925 12.75  90.834185  73.254992  2.497
 87     5.789 55277.58155990 13.08  90.828055  73.257832  2.497
 87     3.549 55277.58156054 13.20  90.821925  73.260682  2.497
 88     9.725 55312.58151923 10.25  90.877652  73.241171  3.105
 88     8.752 55312.58151988 10.67  90.871532  73.244021  3.105
 88     8.358 55312.58152052 11.17  90.865407  73.246860  2.374
 88     7.429 55312.58152117 11.55  90.859287  73.249700  2.374
 88     3.521 55312.58152181 11.93  90.853167  73.252550  2.374
 88     6.796 55312.58152246 11.46  90.847037  73.255390  2.374
 89     8.784 55347.58152787 11.51  90.847437  73.248235  3.733
 89     7.460 55347.58152851 12.28  90.841307  73.251085  3.733
 89     9.290 55347.58152916 12.03  90.835177  73.253925  3.733
 89    21.933 55347.58152980 12.32  90.829047  73.256765  3.733
 89    12.815 55347.58153045 11.82  90.822917  73.259615  3.733
 90     8.057 55382.58152024 20.94  90.836491  73.254815 14.299
 90     9.329 55382.58152088 20.31  90.830361  73.257655 14.299
 90    10.324 55382.58152153 21.10  90.824231  73.260495 14.299
 92     4.874 55452.58152851 25.19  90.854197  73.249566 15.365
 92     4.026 55452.58152915 26.41  90.848067  73.252406 15.365
 92     3.291 55452.58152980 27.06  90.841947  73.255246 15.365
 92     2.815 55452.58153044 28.98  90.835817  73.258096 15.365
 92     2.814 55452.58153108 28.65  90.829677  73.260936 15.365
 93     8.770 55487.58144893 17.03  90.878828  73.244376  4.970
 93     1.470 55487.58144958 32.90  90.872708  73.247226  4.970
 93     1.016 55487.58145022 36.33  90.866578  73.250066  4.970
 93     1.292 55487.58145087 32.88  90.860459  73.252909  5.409
