 -89616.751    28.798     0.00    8.09
 -89247.882    35.791    18.96   13.07
 -88879.114    41.432    15.30   16.15
 -88510.445    47.674    16.93   16.96
 -88141.876    53.238    15.10   17.46
 -87773.407    57.468    11.48   19.53
 -87405.037    63.551    16.51   22.11
 -87036.766    67.294    10.17   22.35
 -86668.594    64.498    -7.60   20.56
 -86300.522    57.753   -18.33   19.85
 -85932.548    49.780   -21.67   15.76
 -85564.674    44.476   -14.42   12.03
 -85196.899    42.004    -6.72   11.98
 -84829.222    39.331    -7.27   11.34
 -84461.644    38.794    -1.46    9.59
 -84094.165    41.322     6.88   13.76
 -83726.785    47.379    16.49   15.92
 -83359.503    53.216    15.89   13.92
 -82992.319    54.718     4.09   12.63
 -82625.234    48.876   -15.92   11.24
 -82258.247    43.067   -15.83    7.35
 -81891.358    41.342    -4.70    7.75
 -81524.568    45.214    10.56   12.69
 -81157.875    50.669    14.88   15.09
 -80791.280    52.750     5.67   14.11
 -80424.784    55.342     7.07   12.94
 -80058.385    62.469    19.45   15.50
 -79692.083    71.971    25.94   18.24
 -79325.880    85.052    35.72   21.51
 -78959.774    97.801    34.83   22.84
 -78593.765   106.346    23.35   22.30
 -78227.854   112.597    17.09   23.16
 -77862.040   116.942    11.88   22.21
 -77496.323   120.255     9.06   21.12
 -77130.704   125.596    14.61   18.01
 -76765.181   134.126    23.34   16.67
 -76399.756   144.964    29.66   17.67
 -76034.427   156.958    32.83   19.19
 -75669.196   170.209    36.28   18.84
 -75304.061   181.801    31.75   17.60
 -74939.022   189.801    21.92   16.13
 -74574.081   192.687     7.91   12.78
 -74209.236   185.077   -20.86   19.46
 -73844.487   170.794   -39.16   27.74
 -73479.835   153.497   -47.44   28.08
 -73115.279   135.500   -49.37   25.11
 -72750.819   126.024   -26.00   23.06
 -72386.455   120.194   -16.00   19.84
 -72022.187   113.535   -18.28   16.84
 -71658.016   105.287   -22.65   18.15
 -71293.940    95.522   -26.82   20.08
 -70929.960    84.485   -30.32   16.77
 -70566.076    79.579   -13.48   11.14
 -70202.287    79.357    -0.61    7.78
 -69838.595    81.373     5.54    9.24
 -69474.997    84.637     8.98   12.04
 -69111.495    86.609     5.43   12.24
 -68748.088    87.989     3.80   13.45
 -68384.777    90.011     5.57   14.69
 -68021.561    91.698     4.64   14.21
 -67658.440    93.315     4.46   12.82
 -67295.414    93.136    -0.50   11.05
 -66932.483    95.801     7.34   10.53
 -66565.395    99.221     9.32   10.13
 -66182.133    99.964     1.94    9.86
 -65798.982   101.461     3.91    8.52
 -65415.941   103.438     5.16    9.11
 -65033.010   106.361     7.63   11.56
 -64650.190   109.683     8.68   12.95
 -64267.479   111.861     5.69   13.05
 -63884.878   116.434    11.95   13.45
 -63502.387   122.437    15.69   13.99
 -63120.006   127.444    13.10   13.45
 -62737.734   124.510    -7.68   15.95
 -62355.572   114.806   -25.39   20.81
 -61973.519   104.490   -27.00   20.68
 -61591.576    99.047   -14.25   18.59
 -61209.742   100.055     2.64   20.18
 -60828.017   106.268    16.28   20.24
 -60446.401   114.583    21.79   18.18
 -60064.894   121.555    18.27   17.18
 -59683.496   125.342     9.93   14.02
 -59302.206   125.558     0.57   14.81
 -58921.025   119.331   -16.34   17.91
 -58539.953   107.767   -30.35   23.14
 -58158.990    94.394   -35.10   26.63
 -57778.134    78.779   -41.00   26.08
 -57397.387    64.469   -37.59   24.26
 -57016.748    53.120   -29.82   19.60
 -56636.218    43.495   -25.30   12.74
 -56255.795    39.320   -10.97    7.40
 -55875.480    38.253    -2.80    6.96
 -55495.273    38.357     0.27    9.86
 -55115.174    42.409    10.66   13.87
 -54735.182    43.444     2.72   14.77
 -54355.298    43.634     0.50   12.95
 -53975.522    41.214    -6.37    9.63
 -53595.853    39.413    -4.74    5.87
 -53216.291    39.853     1.16    4.92
 -52836.836    42.222     6.24    6.38
 -52457.488    45.007     7.34    8.10
 -52078.248    48.520     9.26    9.78
 -51699.114    51.215     7.11   11.13
 -51320.087    54.194     7.86   13.17
 -50941.167    57.823     9.58   13.18
 -50562.353    59.290     3.87   13.65
 -50183.646    54.376   -12.98   15.91
 -49805.045    48.959   -14.31   16.34
 -49426.551    43.388   -14.72   13.07
 -49048.163    44.527     3.01   13.16
 -48669.881    50.245    15.12   14.02
 -48291.706    56.592    16.78   12.78
 -47913.636    61.609    13.27   11.71
 -47535.672    62.572     2.55   11.24
 -47157.814    63.067     1.31    9.12
 -46780.062    61.300    -4.68    9.62
 -46402.416    58.502    -7.41   10.35
 -46024.875    55.629    -7.61    9.52
 -45647.439    53.173    -6.51   11.85
 -45270.109    54.846     4.43   16.89
 -44892.884    57.368     6.69   20.04
 -44515.764    57.649     0.74   18.03
 -44138.750    53.771   -10.28   15.83
 -43761.840    48.315   -14.48   14.59
 -43385.035    41.680   -17.61   10.21
 -43008.336    36.964   -12.52    8.36
 -42631.741    32.093   -12.93    7.80
 -42255.250    24.211   -20.94   10.74
 -41878.864    16.974   -19.23   10.63
 -41502.583    12.725   -11.29    8.40
 -41126.406    10.334    -6.36    7.79
 -40750.334     8.380    -5.20    7.41
 -40374.365     7.015    -3.63    6.72
 -39998.501     7.974     2.55    8.32
 -39622.741    10.955     7.93    9.76
 -39247.085    14.334     9.00    9.48
 -38871.532    16.883     6.79    9.18
 -38496.084    18.765     5.01    8.51
 -38120.739    21.428     7.10    8.89
 -37745.497    23.953     6.73    8.19
 -37370.360    27.153     8.53    7.25
 -36995.325    29.030     5.00    5.73
 -36620.395    29.876     2.26    4.97
 -36245.567    29.953     0.20    5.94
 -35870.842    30.540     1.57    4.97
 -35496.221    32.334     4.79    4.18
 -35121.703    33.357     2.73    3.62
 -34747.287    33.353    -0.01    3.71
 -34372.975    32.365    -2.64    3.56
 -33998.765    29.966    -6.41    4.09
 -33624.657    26.036   -10.50    5.80
 -33250.653    20.791   -14.02    7.98
 -32876.751    16.101   -12.54    6.94
 -32502.951    15.884    -0.58    6.65
 -32129.254    19.369     9.32    8.57
 -31755.658    23.823    11.92    7.32
 -31382.165    25.814     5.33    5.00
 -31008.774    22.520    -8.82    8.24
 -30635.486    18.588   -10.53    9.34
 -30262.298    14.581   -10.74    9.07
 -29889.213    14.679     0.26    9.83
 -29516.230    16.801     5.69   10.09
 -29143.348    16.805     0.01    9.29
 -28770.568    15.312    -4.01    8.69
 -28397.889    11.913    -9.12    8.62
 -28025.311     8.674    -8.70    6.82
 -27652.835     7.187    -3.99    5.89
 -27280.460     6.299    -2.38    5.11
 -26908.187     5.807    -1.32    4.57
 -26536.014     6.959     3.10    5.17
 -26163.942     9.299     6.29    7.25
 -25791.971    10.649     3.63    7.94
 -25420.101    10.019    -1.69    7.95
 -25048.332     7.773    -6.04    6.92
 -24676.664     8.673     2.42    8.41
 -24305.095    13.118    11.96   12.35
 -23933.628    18.925    15.63   12.66
 -23562.261    22.507     9.65   11.05
 -23190.994    24.662     5.80   10.46
 -22819.827    26.197     4.14    8.97
 -22448.761    26.149    -0.13    7.96
 -22077.794    26.507     0.97    8.13
 -21706.928    26.641     0.36    7.15
 -21336.161    26.982     0.92    6.32
 -20965.495    26.334    -1.75    6.22
 -20594.928    24.853    -4.00    7.25
 -20224.460    26.010     3.12    8.37
 -19854.093    29.007     8.09    9.12
 -19483.824    32.073     8.28    7.10
 -19113.656    32.100     0.07    6.28
 -18743.586    29.028    -8.30    7.65
 -18373.616    23.530   -14.86    8.50
 -18003.745    18.010   -14.92    8.11
 -17633.973    13.946   -10.99    6.89
 -17264.300    10.540    -9.21    4.52
 -16894.726     8.058    -6.72    3.26
 -16525.251     6.877    -3.20    2.62
 -16155.874     6.353    -1.42    2.08
 -15786.596     6.380     0.07    2.09
 -15417.417     5.480    -2.44    3.09
 -15048.337     3.876    -4.35    3.05
 -14679.354     2.921    -2.59    2.59
 -14310.471     2.698    -0.61    2.03
 -13941.685     3.650     2.58    2.13
 -13572.998     4.264     1.66    1.79
 -13204.409     4.698     1.18    1.57
 -12835.918     4.974     0.75    1.48
 -12467.524     5.164     0.52    1.38
 -12099.229     4.919    -0.67    1.87
 -11731.032     4.350    -1.55    2.16
 -11362.932     3.724    -1.70    2.12
 -10994.930     3.184    -1.47    1.89
 -10627.025     2.992    -0.52    1.98
 -10259.218     2.618    -1.01    1.92
  -9891.509     2.732     0.31    1.94
  -9523.897     2.426    -0.83    1.65
  -9156.382     2.073    -0.96    1.41
  -8788.964     1.998    -0.20    1.69
  -8421.643     2.296     0.81    2.52
  -8054.419     4.510     6.03    5.46
  -7687.293     7.708     8.71    6.74
  -7320.263    12.199    12.24    8.13
  -6953.330    13.709     4.11    7.55
  -6586.493    13.424    -0.78    7.82
  -6219.753    13.583     0.43    9.58
  -5853.110    15.599     5.50   10.73
  -5486.564    18.312     7.40   10.08
  -5120.113    19.583     3.47    8.07
  -4753.759    19.490    -0.25    7.38
  -4387.502    18.016    -4.02    8.78
  -4021.340    18.024     0.02    9.64
  -3655.274    18.209     0.51    9.02
  -3289.305    16.901    -3.58    7.47
  -2923.432    13.999    -7.93    5.72
  -2557.654    10.800    -8.75    5.63
  -2191.972     7.535    -8.93    6.09
  -1826.386     5.015    -6.89    5.36
  -1460.895     3.603    -3.86    5.03
  -1095.500     3.121    -1.32    6.46
   -730.201     2.646    -1.30    6.12
   -364.997     1.510    -3.11    3.98
      0.112     0.205    -3.57    1.48
    365.126    -0.044    -0.68    0.43
    730.044     0.353     1.09    1.86
   1094.867     0.489     0.37    1.92
   1459.595     1.090     1.65    2.65
   1824.229     1.929     2.30    3.78
   2188.767     2.130     0.55    3.91
   2553.210     2.069    -0.17    3.92
   2917.559     1.707    -0.99    3.59
   3281.814     0.970    -2.02    2.49
   3645.973     1.498     1.45    4.15
   4010.038     1.293    -0.57    4.11
   4374.009     0.250    -2.86    1.70
   4737.885    -0.278    -1.45    1.06
   5101.667    -0.276     0.00    1.66
   5465.355    -0.276     0.00    1.39
   5828.949    -0.139     0.38    1.22
   6192.449     0.032     0.47    1.06
   6555.854     0.415     1.05    1.35
   6919.166     0.502     0.24    1.40
   7282.384     0.546     0.12    1.50
   7645.509     0.853     0.85    1.67
   8008.539     1.735     2.43    2.91
   8388.168     5.776    10.64    9.06
   8771.196    10.569    12.51   11.18
   9154.115    16.650    15.88    9.98
   9536.926    19.330     7.00    8.81
   9919.629    18.591    -1.93    9.79
  10302.224    18.176    -1.08   10.12
  10684.711    19.225     2.74   10.13
  11067.091    22.176     7.72    9.92
  11449.362    26.319    10.84    9.29
  11831.526    31.609    13.84    8.61
  12213.583    35.111     9.16    6.58
  12595.532    36.752     4.30    5.53
  12977.373    37.564     2.13    5.41
  13359.108    36.922    -1.68    5.40
  13740.735    35.589    -3.49    4.59
  14122.255    34.128    -3.83    3.87
  14503.668    32.404    -4.52    5.72
  14884.975    29.199    -8.40   10.15
  15266.174    24.151   -13.24   12.54
  15647.267    17.463   -17.55   12.93
  16028.253    10.415   -18.50   12.16
  16409.133     5.029   -14.14    8.38
  16789.906     6.038     2.65   10.93
  17170.572     9.915    10.18   13.89
  17551.133    19.239    24.50   15.27
  17931.587    31.270    31.62   13.80
  18311.935    39.947    22.81    9.80
  18692.178    44.353    11.59   10.40
  19072.314    45.392     2.73   12.94
  19452.344    46.579     3.12   14.67
  19832.269    50.024     9.07   16.89
  20212.088    57.252    19.03   22.88
  20591.802    70.876    35.88   25.89
  20971.410    83.628    33.59   20.57
  21350.912    92.361    23.01   15.67
  21730.310    95.724     8.86   11.91
  22109.602    96.829     2.91   13.36
  22488.789    92.597   -11.16   16.59
  22867.871    87.059   -14.61   17.14
  23246.848    82.773   -11.31   16.49
  23625.720    77.349   -14.31   17.64
  24004.488    78.302     2.52   19.93
  24383.151    74.025   -11.29   20.31
  24761.709    68.326   -15.05   16.87
  25140.162    68.146    -0.48   13.13
  25518.512    68.636     1.30   13.46
  25896.757    67.466    -3.09   13.89
  26274.897    55.588   -31.41   22.19
  26652.934    41.669   -36.82   21.69
  27030.866    34.701   -18.44   17.04
  27408.695    32.723    -5.24   15.94
  27786.419    32.750     0.07   17.82
  28164.040    32.494    -0.68   17.36
  28541.557    28.047   -11.78   15.74
  28918.970    20.614   -19.70    8.99
  29296.280    23.292     7.10   10.26
  29673.486    26.719     9.09   12.83
  30050.589    30.467     9.94   14.26
  30427.589    32.266     4.77   13.60
  30804.485    31.233    -2.74   12.02
  31181.278    33.466     5.92   11.35
  31557.969    37.767    11.42   10.79
  31934.556    44.068    16.73    8.19
  32311.040    46.353     6.07    7.54
  32687.422    42.039   -11.46   12.97
  33063.701    37.455   -12.18   13.66
  33439.877    32.572   -12.98   12.44
  33815.951    30.821    -4.66   12.67
  34191.922    33.140     6.17   11.72
  34567.791    33.869     1.94    9.93
  34943.557    34.644     2.06   10.74
  35319.222    35.461     2.17    9.95
  35694.784    34.828    -1.68    9.65
  36070.244    37.099     6.05   10.84
  36445.603    42.759    15.08   14.03
  36820.859    48.373    14.96   14.08
  37196.014    53.061    12.50   12.83
  37571.067    52.693    -0.98   15.69
  37946.018    50.140    -6.81   15.89
  38320.868    49.063    -2.87   13.00
  38695.616    48.415    -1.73    9.23
  39070.263    52.930    12.05   10.42
  39444.809    59.171    16.66   11.35
  39819.253    65.184    16.06   14.67
  40193.597    75.915    28.67   17.37
  40567.839    87.553    31.10   16.40
  40941.980    94.002    17.23   11.54
  41316.021    90.815    -8.52   15.03
  41689.960    80.248   -28.26   17.74
  42063.799    68.714   -30.85   13.05
  42437.538    61.179   -20.16    5.49
  42811.176    58.704    -6.62    3.59
  43184.713    59.572     2.32    4.09
  43558.150    60.695     3.01    3.92
  43931.486    60.707     0.03    3.69
  44304.723    61.767     2.84    3.74
  44677.859    62.292     1.41    3.92
  45050.895    63.130     2.25    3.85
  45423.832    65.345     5.94    3.61
  45796.668    67.012     4.47    3.24
  46169.405    67.822     2.17    2.66
  46542.041    68.548     1.95    2.27
  46914.579    68.393    -0.41    3.01
  47287.016    68.111    -0.76    3.02
  47659.354    69.178     2.87    3.57
  48031.593    70.275     2.95    4.17
  48403.732    72.052     4.77    5.00
  48775.772    75.709     9.83    7.08
  49147.713    81.970    16.83   12.03
  49519.555    90.479    22.88   13.87
  49891.298    99.595    24.52   11.66
  50262.942   105.267    15.26    8.39
  50634.487   108.587     8.93    6.55
  51005.933   111.072     6.69    8.39
  51377.281   114.463     9.13    8.27
  51748.530   116.160     4.57    6.28
  52119.680   116.525     0.98    6.79
  52490.732   116.298    -0.61    7.54
  52861.685   117.155     2.31    7.59
  53232.541   120.775     9.76    6.29
  53603.298   122.085     3.53    4.61
  53973.957   120.213    -5.05    7.07
  54344.517   114.127   -16.42   13.99
  54714.980   103.195   -29.51   19.89
  55085.345    88.806   -38.85   22.18
  55455.612    77.986   -29.22   16.98
  55825.782    68.968   -24.36    9.68
  56195.853    62.411   -17.72    8.66
  56565.828    57.570   -13.09   10.42
  56935.704    52.949   -12.49   11.13
  57305.483    47.249   -15.41    7.58
  57675.165    42.618   -12.53    4.69
  58044.750    40.837    -4.82    4.94
  58414.237    40.055    -2.12    4.52
  58783.627    39.428    -1.70    4.74
  59152.920    38.588    -2.28    5.24
  59522.116    37.377    -3.28    4.95
  59891.215    35.412    -5.32    4.06
  60260.218    35.064    -0.94    5.23
  60629.124    32.603    -6.67    7.36
  60997.933    29.316    -8.91    8.26
  61366.645    27.148    -5.88    7.37
  61735.261    26.814    -0.91    6.17
  62103.780    27.748     2.54    5.39
  62472.203    28.658     2.47    4.69
  62840.530    28.732     0.20    4.78
  63208.761    27.097    -4.44    6.28
  63576.895    26.650    -1.21    6.77
  63944.934    25.943    -1.92    7.51
  64312.876    27.027     2.95    9.46
  64680.723    29.497     6.72   10.39
  65048.473    33.603    11.17   12.90
  65416.128    38.554    13.47   14.04
  65783.688    45.597    19.16   15.46
  66151.151    53.195    20.67   15.92
  66518.520    63.027    26.76   13.53
  66885.792    67.853    13.14    9.30
  67252.970    64.972    -7.85   13.73
  67620.052    56.766   -22.35   14.65
  67987.038    49.886   -18.75   11.17
  68353.930    47.528    -6.43    9.60
  68720.727    42.647   -13.31    9.72
  69087.428    38.695   -10.78    9.80
  69454.035    33.549   -14.03    9.89
  69820.547    28.318   -14.27    9.76
  70186.964    24.216   -11.19    8.50
  70553.286    21.684    -6.91    6.66
  70919.513    21.491    -0.53    6.24
  71285.647    23.933     6.67    7.71
  71651.685    25.998     5.64   11.08
  72017.629    26.267     0.73   13.77
  72383.479    27.644     3.76   14.56
  72749.235    25.107    -6.93   15.60
  73114.896    21.782    -9.09   14.31
  73480.464    21.034    -2.05   14.08
  73845.937    21.461     1.17   14.89
  74211.316    23.047     4.34   14.17
  74576.602    23.820     2.12   12.57
  74941.793    25.088     3.47   11.04
  75306.891    26.417     3.64   11.65
  75671.895    28.630     6.06   11.06
  76036.806    28.562    -0.19   10.27
  76401.623    23.517   -13.83   12.67
  76766.346    18.736   -13.11   11.32
  77130.977    17.261    -4.04    8.92
  77495.514    18.192     2.55    7.90
  77859.957    23.405    14.30    6.95
  78224.308    26.980     9.81    6.06
  78588.565    25.570    -3.87    7.28
  78952.729    24.220    -3.71    7.60
  79316.801    20.530   -10.13    6.90
  79680.779    18.314    -6.09    5.20
  80044.665    21.761     9.47   10.21
  80408.458    31.924    27.94   18.74
  80772.158    44.491    34.55   20.64
  81135.766    58.038    37.26   14.03
  81499.281    67.565    26.21    8.18
  81862.704    71.113     9.76    6.72
  82226.035    71.265     0.42    6.02
  82589.273    67.173   -11.26    8.86
  82961.420    62.742   -11.91    8.48
  83344.311    56.581   -16.09   10.87
  83727.095    48.877   -20.12   12.65
  84109.774    40.395   -22.16   12.00
  84492.346    32.208   -21.40    6.39
  84874.813    28.845    -8.79    5.70
  85257.174    24.893   -10.33    6.38
  85639.429    22.060    -7.41    4.71
  86021.579    19.987    -5.42    2.70
  86403.623    17.449    -6.64    3.38
  86785.561    15.970    -3.87    3.82
  87167.395    15.242    -1.91    3.68
  87549.123    16.611     3.59    5.04
  87930.746    19.652     7.97    5.50
  88312.264    21.099     3.79    4.15
  88693.677    20.989    -0.29    4.14
  89074.985    20.409    -1.52    4.95
  89456.188    18.853    -4.08    5.58
  89837.287    18.290    -1.48    6.20
  90218.281    19.058     2.02    6.85
  90599.170    21.983     7.68    7.26
  90979.955    26.225    11.14    7.48
  91360.635    30.387    10.93    8.40
  91741.211    35.028    12.19    7.80
  92121.683    40.765    15.08    8.60
  92502.051    46.902    16.13   11.15
  92882.315    53.726    17.95   12.88
  93262.475    61.062    19.29   12.95
  93642.531    67.597    17.20   12.68
  94022.483    70.003     6.33   11.16
  94402.332    67.090    -7.67   12.41
  94782.076    63.453    -9.57   12.69
  95161.718    59.389   -10.70   10.08
  95541.256    56.325    -8.07    5.93
  95920.690    56.878     1.46    4.58
  96300.022    59.452     6.78    5.10
  96679.250    60.764     3.46    7.65
  97058.375    61.972     3.19    8.17
  97437.397    61.877    -0.25    7.34
  97816.316    61.037    -2.22    6.16
  98195.132    61.021    -0.04    5.04
  98573.845    59.378    -4.34    4.73
  98952.456    58.119    -3.32    3.00
  99330.964    58.369     0.66    3.28
  99709.370    59.772     3.71    4.36
 100087.673    62.695     7.73    4.81
 100465.873    65.672     7.87    4.85
 100843.972    69.472    10.05    6.70
 101221.968    75.008    14.64    9.19
 101599.862    75.813     2.13    9.07
 101977.655    74.417    -3.69    9.45
 102355.345    73.362    -2.79    9.65
 102732.933    77.345    10.55   14.81
 103110.420    79.739     6.34   14.77
 103487.805    82.701     7.85   12.77
 103865.088    87.758    13.40   13.26
 104242.270    88.724     2.56   13.70
 104619.350    86.758    -5.21   15.42
 104996.329    82.237   -11.99   15.81
 105373.207    73.257   -23.83    8.55
 105749.983    69.631    -9.62    2.64
 106126.659    69.531    -0.26    1.83
 106503.233    70.171     1.70    1.72
 106879.706    70.683     1.36    1.72
 107256.079    71.162     1.27    1.65
 107632.350    71.373     0.56    2.03
 108008.521    73.776     6.39    5.01
 108384.592    75.101     3.52    6.10
 108760.561    75.349     0.66    5.76
 109136.431    77.571     5.91    7.48
 109512.200    79.200     4.33    9.60
 109887.868    85.336    16.33   11.39
 110263.436    89.925    12.22   11.78
 110638.905    87.127    -7.45   15.44
 111014.273    83.297   -10.20   17.91
 111389.541    82.797    -1.33   19.09
 111764.709    86.133     8.89   19.07
 112139.778    92.107    15.93   20.49
 112514.746   100.258    21.74   18.02
 112889.615   103.119     7.63   13.99
 113264.384    98.560   -12.17   15.21
 113639.054    91.095   -19.92   13.47
 114013.625    85.045   -16.15    9.66
 114388.096    82.571    -6.61   10.46
 114762.468    80.035    -6.77   13.13
 115136.740    73.749   -16.79   11.79
 115510.914    68.549   -13.90    9.53
 115884.988    63.813   -12.66    7.18
 116258.964    61.032    -7.44    5.86
 116632.840    59.020    -5.38    3.37
 117006.618    59.213     0.52    3.58
 117380.297    62.024     7.52    6.82
 117753.877    64.170     5.74    6.88
 118127.359    63.463    -1.89    7.16
 118500.743    61.008    -6.58    5.52
 118874.028    59.637    -3.67    3.62
 119247.214    59.403    -0.63    2.91
 119620.303    62.247     7.62    3.82
 119993.293    65.501     8.73    5.31
 120366.185    69.392    10.43    6.18
 120738.979    69.653     0.70    5.70
 121111.675    68.027    -4.36    6.14
 121484.273    65.626    -6.44    4.68
 121856.774    65.453    -0.46    4.55
 122229.176    69.276    10.26    6.98
 122601.482    71.894     7.03    7.49
 122973.689    74.788     7.78    7.73
 123345.799    78.591    10.22    8.10
 123717.812    80.341     4.71   10.26
 124089.727    82.662     6.24   10.64
 124461.545    85.781     8.39   10.89
 124833.266    87.357     4.24   10.93
 125204.890    89.646     6.16    9.16
 125576.417    89.909     0.71    7.67
 125947.846    86.189   -10.01   10.98
 126319.179    77.685   -22.90   12.75
 126690.416    71.381   -16.98    9.92
 127061.555    67.745    -9.80    6.59
 127432.598    64.853    -7.79    7.10
 127803.544    63.071    -4.80    8.25
 128174.394    59.749    -8.96    9.23
 128545.147    58.587    -3.13    8.99
 128915.804    61.552     8.00   11.75
 129286.365    69.300    20.90   13.49
 129656.829    76.837    20.35   10.12
 130027.198    82.003    13.95    5.10
 130397.470    81.782    -0.60    6.05
 130767.646    76.442   -14.42   11.91
 131137.727    67.253   -24.83   15.19
 131507.711    59.894   -19.89   12.63
 131877.600    58.280    -4.36   10.35
 132247.394    65.002    18.18   14.09
 132617.091    72.748    20.95   11.00
 132986.693    76.076     9.00    6.63
 133356.200    72.909    -8.57    7.70
 133725.612    67.877   -13.62    6.68
 134094.928    61.619   -16.95    7.15
 134464.148    53.724   -21.38    9.23
 134833.274    47.247   -17.55    9.20
 135202.305    41.400   -15.84    5.39
 135571.240    38.547    -7.73    3.73
 135940.081    36.928    -4.39    4.44
 136308.827    35.081    -5.01    4.88
 136677.478    31.512    -9.68    5.74
 137046.034    28.732    -7.54    6.23
 137414.496    28.764     0.09    7.41
 137782.863    29.452     1.87    8.54
 138151.136    29.086    -0.99    9.39
 138519.314    25.587    -9.50   10.79
 138887.398    22.493    -8.41    9.92
 139255.387    22.828     0.91    9.58
 139623.283    27.141    11.72   10.63
 139991.084    35.016    21.41    7.45
 140358.791    39.132    11.19    5.68
 140726.405    42.426     8.96    5.88
 141093.924    46.284    10.50    6.92
 141461.350    50.130    10.46    6.97
 141828.681    51.048     2.50    7.05
 142195.919    49.048    -5.45    9.08
 142563.064    48.829    -0.60    8.72
 142930.115    49.178     0.95    7.13
 143297.072    50.721     4.20    6.01
 143663.936    50.458    -0.72    6.79
 144030.707    46.116   -11.84    8.68
 144397.385    40.124   -16.34    9.98
 144763.969    34.313   -15.85    9.14
 145130.460    28.563   -15.69    8.03
 145496.858    24.414   -11.32    7.33
 145863.163    21.722    -7.35    6.92
 146229.376    20.526    -3.27    6.46
 146595.495    19.837    -1.88    7.36
 146961.522    18.572    -3.46    9.01
 147327.456    16.023    -6.97   10.50
 147693.297    10.083   -16.24    8.10
 148059.046     6.120   -10.83    3.77
 148424.702     4.187    -5.29    1.45
 148790.266     4.065    -0.33    1.24
 149155.738     4.023    -0.11    1.29
 149521.117     3.845    -0.49    1.26
 149886.404     3.796    -0.13    1.17
 150251.599     3.271    -1.44    0.71
 150616.702     4.276     2.75    1.95
 150981.713     4.804     1.45    2.06
 151346.632     6.967     5.93    4.78
 151711.460    12.447    15.02    9.37
 152076.195    18.361    16.22   11.63
 152440.839    26.021    21.00    9.99
 152805.391    28.853     7.77    7.30
 153169.852    26.539    -6.35    8.81
 153534.221    22.091   -12.21    9.07
 153898.498    19.165    -8.03    7.80
 154262.684    19.712     1.50    8.41
 154626.779    24.912    14.28    9.14
 154990.783    30.555    15.50    6.71
 155354.696    34.082     9.69    3.03
 155718.517    35.324     3.41    2.34
 156082.248    35.772     1.23    2.58
 156445.887    34.319    -3.99    4.89
 156809.436    33.952    -1.01    5.32
 157172.894    33.967     0.04    5.51
 157538.066    33.077    -2.44    5.37
 157920.804    34.071     2.60    5.39
 158303.439    35.678     4.20    5.28
 158685.970    37.025     3.52    3.94
 159068.397    38.484     3.81    2.48
 159450.720    38.445    -0.10    2.79
 159832.940    38.879     1.13    4.42
 160215.056    41.513     6.89    7.68
 160597.069    47.031    14.44    9.39
 160978.979    50.525     9.15    8.15
