-111839.587    37.115     0.00    3.70
-111469.029    37.282     0.45    3.45
-111098.376    36.317    -2.60    2.38
-110727.625    37.129     2.19    3.22
-110356.779    38.292     3.14    4.00
-109985.835    38.853     1.51    4.39
-109614.794    38.076    -2.10    4.51
-109243.657    36.455    -4.37    4.77
-108872.422    33.797    -7.16    4.94
-108501.091    31.813    -5.34    3.59
-108129.662    30.786    -2.77    2.39
-107758.137    30.149    -1.71    2.54
-107386.514    30.329     0.48    3.58
-107014.793    31.000     1.80    5.33
-106642.975    32.354     3.64    6.67
-106271.060    34.424     5.57    7.10
-105899.047    36.587     5.82    5.84
-105526.936    38.512     5.17    3.90
-105154.728    40.466     5.25    3.00
-104782.422    42.894     6.52    3.50
-104410.017    45.539     7.10    3.75
-104037.515    48.381     7.63    4.02
-103664.915    50.112     4.64    3.81
-103292.217    49.846    -0.71    4.08
-102919.420    47.790    -5.52    5.40
-102546.526    43.960   -10.27    7.10
-102173.532    39.173   -12.83    6.52
-101800.441    36.329    -7.62    5.13
-101427.251    33.975    -6.31   10.33
-101053.962    31.581    -6.41   15.67
-100680.575    31.854     0.73   18.57
-100307.088    31.863     0.02   19.98
 -99933.503    31.656    -0.55   20.23
 -99559.819    31.984     0.88   19.55
 -99186.037    31.052    -2.49   18.71
 -98812.155    30.077    -2.61   18.58
 -98438.173    29.325    -2.01   18.83
 -98064.093    28.628    -1.86   19.16
 -97689.913    31.236     6.97   21.20
 -97315.634    35.171    10.51   22.50
 -96941.256    39.695    12.08   21.83
 -96566.778    43.337     9.73   19.28
 -96192.200    48.020    12.50   11.14
 -95817.522    46.289    -4.62    7.33
 -95442.745    42.354   -10.50    5.92
 -95067.868    42.325    -0.08    5.91
 -94692.891    43.854     4.08    7.09
 -94317.814    45.829     5.27    5.98
 -93942.637    46.402     1.53    5.60
 -93567.359    44.918    -3.95    4.34
 -93191.982    44.605    -0.83    3.12
 -92816.504    45.299     1.85    2.71
 -92440.925    46.589     3.44    2.37
 -92065.246    46.837     0.66    2.39
 -91689.467    46.165    -1.79    2.49
 -91313.587    45.306    -2.29    2.33
 -90937.606    45.112    -0.51    2.32
 -90561.524    45.829     1.91    2.15
 -90185.341    45.894     0.17    2.87
 -89809.058    45.700    -0.52    4.65
 -89432.673    44.790    -2.42    6.77
 -89056.187    43.863    -2.46    8.87
 -88679.600    41.749    -5.61    9.65
 -88302.911    39.774    -5.24    9.70
 -87926.121    34.669   -13.55    9.98
 -87549.230    29.956   -12.51    9.30
 -87172.237    27.127    -7.50    7.31
 -86795.142    22.917   -11.16    8.78
 -86417.946    17.173   -15.23   12.60
 -86040.648    10.949   -16.50   12.84
 -85663.248     8.310    -6.99   10.10
 -85285.746    11.174     7.59   10.24
 -84908.141    16.325    13.64    9.18
 -84530.435    20.261    10.42    6.32
 -84152.627    17.969    -6.07    8.78
 -83774.716    16.718    -3.31    9.45
 -83396.703    14.897    -4.82    8.63
 -83018.587    14.829    -0.18    7.22
 -82640.369    16.015     3.13    4.02
 -82262.048    14.917    -2.90    3.88
 -81883.624    14.011    -2.40    4.72
 -81505.098    14.372     0.95    5.06
 -81126.468    15.361     2.61    5.14
 -80747.736    15.157    -0.54    4.58
 -80368.900    15.442     0.75    3.21
 -79989.962    16.401     2.53    3.45
 -79610.920    17.546     3.02    3.60
 -79231.775    18.727     3.12    3.79
 -78852.526    17.069    -4.37    7.49
 -78473.174    14.893    -5.74    9.23
 -78093.719    15.821     2.45   10.36
 -77714.160    16.853     2.72   10.14
 -77334.497    17.995     3.01    9.10
 -76954.730    19.594     4.21    6.04
 -76574.859    19.298    -0.78    4.14
 -76194.884    17.557    -4.58    3.07
 -75814.805    14.450    -8.17    5.93
 -75434.622    10.393   -10.67    8.07
 -75054.335     6.577   -10.03    8.47
 -74673.944     6.042    -1.41    7.98
 -74293.448     7.804     4.63    8.90
 -73912.847    11.139     8.76    9.08
 -73532.142    14.773     9.55    8.32
 -73151.332    15.252     1.26    7.99
 -72770.418    14.980    -0.71    8.27
 -72389.398    14.224    -1.98    8.20
 -72008.274    13.806    -1.10    7.12
 -71627.044    12.813    -2.60    6.83
 -71245.710    10.309    -6.57    7.37
 -70864.270     7.234    -8.06    7.12
 -70482.725     4.904    -6.11    6.81
 -70101.075     5.751     2.22    7.84
 -69719.319     6.895     3.00    8.89
 -69337.457     8.113     3.19    8.63
 -68955.490     7.942    -0.45    7.90
 -68573.417     7.724    -0.57    6.93
 -68191.239     7.806     0.22    6.72
 -67808.954     8.454     1.70    7.14
 -67426.564     9.597     2.99    8.42
 -67044.067    11.950     6.15    8.53
 -66661.464    14.617     6.97    7.81
 -66278.755    16.603     5.19    5.96
 -65895.940    16.629     0.07    4.51
 -65527.069    16.365    -0.72    4.69
 -65163.949    15.281    -2.99    4.69
 -64800.737    16.181     2.48    4.59
 -64437.433    17.295     3.06    3.89
 -64074.036    18.405     3.06    4.21
 -63710.546    18.585     0.50    4.30
 -63346.963    19.384     2.20    4.47
 -62983.288    20.617     3.39    4.65
 -62619.520    21.370     2.07    4.54
 -62255.659    20.562    -2.22    6.54
 -61891.705    17.442    -8.57    9.11
 -61527.657    14.397    -8.36   10.32
 -61163.517    12.837    -4.28   10.74
 -60799.284    12.031    -2.21   10.71
 -60434.957    12.075     0.12   10.69
 -60070.536    13.384     3.59   10.89
 -59706.023    16.160     7.62   10.52
 -59341.415    17.499     3.67    9.27
 -58976.715    16.470    -2.82    8.06
 -58611.920    15.669    -2.20    8.09
 -58247.032    15.413    -0.70    8.80
 -57882.050    17.648     6.12    8.76
 -57516.974    21.200     9.73    5.55
 -57151.804    21.241     0.11    4.60
 -56786.540    20.270    -2.66    4.35
 -56421.182    18.996    -3.49    4.51
 -56055.730    18.445    -1.51    4.40
 -55690.184    17.876    -1.56    4.58
 -55324.543    16.533    -3.67    5.47
 -54958.808    15.988    -1.49    5.27
 -54592.978    16.462     1.30    5.20
 -54227.054    17.573     3.04    4.56
 -53861.035    19.210     4.47    5.98
 -53494.922    20.751     4.21    7.89
 -53128.714    21.309     1.52    8.76
 -52762.411    22.869     4.26    9.24
 -52396.013    24.501     4.45    9.57
 -52029.520    27.264     7.54   12.26
 -51662.931    31.672    12.03   13.38
 -51296.248    33.953     6.22   14.73
 -50929.470    35.696     4.75   13.83
 -50562.596    40.283    12.50   12.13
 -50195.627    41.900     4.41   11.38
 -49828.562    40.396    -4.10   11.52
 -49461.402    32.192   -22.34   13.56
 -49094.147    24.439   -21.11   12.30
 -48726.795    22.962    -4.02   12.95
 -48359.348    28.330    14.61   15.55
 -47991.805    34.986    18.11   13.22
 -47624.167    42.879    21.47    7.91
 -47256.432    42.766    -0.31    7.84
 -46888.601    40.275    -6.77    8.64
 -46520.674    36.329   -10.72   11.90
 -46152.651    29.388   -18.86   14.34
 -45784.531    21.349   -21.84   13.59
 -45416.316    12.999   -22.68   11.59
 -45048.003     6.984   -16.33    8.20
 -44679.595     4.774    -6.00    5.33
 -44311.089     5.806     2.80    6.53
 -43942.487     9.684    10.52    7.00
 -43573.789    14.374    12.72    5.83
 -43204.993    16.173     4.88    4.74
 -42836.101    16.533     0.97    5.01
 -42467.111    17.729     3.24    4.90
 -42098.025    19.179     3.93    4.22
 -41728.841    19.548     1.00    3.86
 -41359.561    19.771     0.60    5.10
 -40990.183    18.486    -3.48    6.65
 -40620.707    16.314    -5.88    7.78
 -40251.134    14.228    -5.65    8.13
 -39881.464    10.599    -9.82    8.28
 -39511.696     7.068    -9.55    7.44
 -39141.831     6.074    -2.69    6.46
 -38771.867     5.214    -2.32    5.41
 -38401.806     4.357    -2.32    5.41
 -38031.647     4.727     1.00    5.38
 -37661.390     6.411     4.55    7.00
 -37291.035     9.687     8.85    8.39
 -36920.582    12.978     8.88    7.32
 -36550.030    15.134     5.82    6.14
 -36179.380    15.879     2.01    5.73
 -35808.632    15.991     0.30    4.26
 -35437.786    16.470     1.29    2.97
 -35066.841    16.377    -0.25    3.53
 -34695.797    16.876     1.34    4.39
 -34324.654    17.012     0.37    4.92
 -33953.413    15.971    -2.80    6.52
 -33582.073    17.051     2.91    6.79
 -33210.634    17.346     0.79    6.28
 -32839.096    16.194    -3.10    6.32
 -32467.459    15.807    -1.04    6.56
 -32095.723    16.146     0.91    6.18
 -31723.887    17.434     3.47    5.01
 -31351.952    18.507     2.88    3.70
 -30979.918    18.225    -0.76    3.89
 -30607.784    15.938    -6.14    5.17
 -30235.551    12.954    -8.02    5.20
 -29863.218    11.431    -4.09    4.62
 -29490.785    10.876    -1.49    4.59
 -29118.253    11.004     0.34    5.30
 -28745.620     9.423    -4.24    5.73
 -28372.888     7.091    -6.26    6.01
 -28000.056     7.756     1.78    6.78
 -27627.123    11.822    10.90    8.94
 -27254.090    16.861    13.51    9.31
 -26880.957    22.631    15.46    6.73
 -26507.724    26.699    10.90    5.61
 -26134.390    30.122     9.17    5.53
 -25760.955    34.233    11.01    6.57
 -25387.420    38.607    11.71    6.44
 -25013.784    41.387     7.44    5.20
 -24640.047    41.791     1.08    5.70
 -24266.210    41.428    -0.97    5.54
 -23892.271    40.877    -1.47    5.33
 -23518.232    41.776     2.40    4.82
 -23144.091    41.924     0.40    5.12
 -22769.849    41.916    -0.02    6.20
 -22395.506    39.591    -6.21    8.27
 -22021.062    36.061    -9.43    9.25
 -21646.516    35.952    -0.29    9.30
 -21271.868    36.189     0.63    9.05
 -20897.119    38.782     6.92    8.34
 -20522.268    40.430     4.39    6.78
 -20147.316    39.854    -1.54    6.42
 -19772.261    37.481    -6.33    6.77
 -19397.105    35.217    -6.03    6.30
 -19021.846    33.771    -3.85    4.96
 -18646.486    32.624    -3.06    4.60
 -18271.023    31.822    -2.14    4.73
 -17895.458    30.551    -3.38    4.14
 -17519.790    29.064    -3.96    3.67
 -17144.021    27.886    -3.14    3.93
 -16768.148    29.222     3.55    4.96
 -16392.173    30.564     3.57    5.59
 -16016.095    31.661     2.92    5.37
 -15639.915    31.155    -1.35    4.83
 -15263.631    28.579    -6.85    4.47
 -14887.245    27.574    -2.67    4.87
 -14510.755    27.654     0.21    5.09
 -14134.163    27.757     0.27    3.70
 -13757.467    28.514     2.01    2.89
 -13380.668    28.775     0.69    3.11
 -13003.765    29.556     2.07    3.69
 -12626.759    30.708     3.05    3.93
 -12249.649    31.507     2.12    4.00
 -11872.436    32.708     3.18    3.74
 -11495.119    33.442     1.95    3.30
 -11117.698    32.907    -1.42    3.29
 -10740.174    31.822    -2.87    3.67
 -10362.545    30.293    -4.05    4.36
  -9984.812    29.060    -3.26    4.50
  -9606.975    27.601    -3.86    4.70
  -9229.034    24.276    -8.80    7.05
  -8850.988    21.207    -8.12    8.05
  -8472.838    18.562    -6.99    8.08
  -8094.584    17.101    -3.86    7.84
  -7716.225    19.051     5.15    9.96
  -7337.761    22.144     8.17   10.44
  -6959.192    26.776    12.24    6.90
  -6580.519    29.215     6.44    4.65
  -6201.741    28.589    -1.65    4.02
  -5822.857    28.368    -0.58    5.23
  -5443.869    27.019    -3.56    8.15
  -5064.775    24.398    -6.91    9.74
  -4685.576    23.365    -2.73    9.96
  -4306.271    21.611    -4.62    9.01
  -3926.861    18.799    -7.41    8.82
  -3547.346    15.845    -7.78   10.12
  -3167.725    11.037   -12.67   10.32
  -2787.998     5.768   -13.88    6.18
  -2408.165     3.268    -6.58    3.97
  -2028.226     6.372     8.17    7.27
  -1648.182     7.673     3.43    7.92
  -1268.031     6.738    -2.46    8.08
   -887.774     5.220    -3.99    8.04
   -507.411     1.137   -10.73    4.17
   -126.941    -0.147    -3.38    0.17
    253.635     0.120     0.70    0.89
    634.318     0.938     2.15    2.29
   1015.107     4.168     8.48    5.80
   1396.003    10.000    15.31    8.63
   1777.006    16.125    16.08   10.07
   2158.116    20.904    12.54    7.59
   2539.332    23.624     7.14    6.18
   2920.656    22.653    -2.54    7.09
   3302.087    18.784   -10.14    6.93
   3683.626    17.021    -4.62    5.75
   4065.271    14.765    -5.91    5.34
   4447.024    15.153     1.02    5.11
   4828.885    15.759     1.59    5.54
   5210.853    14.499    -3.30    5.29
   5592.929    16.191     4.43    6.90
   5975.113    19.372     8.32    8.74
   6357.405    20.997     4.25    9.06
   6739.805    22.515     3.97    8.11
   7122.312    21.532    -2.57    7.29
   7504.928    22.537     2.63    7.62
   7887.653    26.373    10.02    7.18
   8270.485    28.738     6.18    5.83
   8653.427    31.755     7.88    5.08
   9031.339    34.269     6.65    3.88
   9394.241    35.537     3.49    3.41
   9757.238    36.144     1.67    3.01
  10120.328    33.922    -6.12    4.71
  10483.513    30.799    -8.60    6.10
  10846.791    28.289    -6.91    6.11
  11210.164    25.884    -6.62    5.47
  11573.630    22.322    -9.80    7.99
  11937.191    20.236    -5.74    8.51
  12300.846    18.532    -4.69    7.79
  12664.596    16.785    -4.80    7.45
  13028.440    15.954    -2.28    7.22
  13392.378    14.948    -2.76    7.16
  13756.411    13.982    -2.65    7.11
  14120.539    14.507     1.44    7.36
  14484.762    16.748     6.15    7.61
  14849.079    19.300     7.00    8.22
  15213.491    21.412     5.80    7.11
  15577.998    23.739     6.38    5.23
  15942.601    22.163    -4.32    6.08
  16307.298    19.239    -8.02    6.64
  16672.091    17.337    -5.21    6.34
  17036.978    17.214    -0.34    6.47
  17401.962    18.224     2.77    6.82
  17767.040    19.321     3.01    6.32
  18132.215    20.507     3.25    5.52
  18497.484    22.413     5.22    4.34
  18862.850    24.074     4.54    3.38
  19228.311    25.307     3.37    2.55
  19593.868    26.191     2.42    2.16
  19959.521    26.556     1.00    2.24
  20325.269    25.883    -1.84    3.43
  20691.114    24.466    -3.87    4.14
  21057.055    23.744    -1.97    4.41
  21423.093    24.553     2.21    5.01
  21789.226    25.042     1.34    5.04
  22155.456    25.830     2.15    4.93
  22521.782    26.564     2.00    5.03
  22888.205    26.425    -0.38    5.32
  23254.724    25.876    -1.50    5.59
  23621.340    25.641    -0.64    5.65
  23988.053    23.625    -5.50    5.86
  24354.863    22.365    -3.44    6.24
  24721.769    21.782    -1.59    7.17
  25088.773    21.512    -0.74    8.23
  25455.873    20.738    -2.11    9.17
  25823.071    17.255    -9.49   10.49
  26190.366    14.228    -8.24   10.35
  26557.758    10.341   -10.58    7.20
  26925.247     8.552    -4.87    5.58
  27292.834    11.507     8.04    8.46
  27660.519    13.998     6.78    9.76
  28028.301    14.642     1.75   10.24
  28396.180    14.191    -1.23    9.90
  28764.158    15.276     2.95   10.10
  29132.233    20.408    13.94   13.32
  29500.407    28.116    20.94   14.19
  29868.678    34.648    17.74   10.73
  30237.047    36.548     5.16    6.97
  30605.515    35.625    -2.51    7.25
  30974.081    35.486    -0.38    7.30
  31342.745    37.814     6.31    6.98
  31711.507    42.300    12.16    4.50
  32080.368    44.372     5.62    3.44
  32449.328    45.078     1.91    4.69
  32818.386    43.183    -5.13    7.54
  33187.543    40.158    -8.20    9.05
  33556.799    36.976    -8.62   10.16
  33926.153    31.987   -13.51   10.48
  34295.607    25.699   -17.02   10.57
  34665.159    17.868   -21.19    9.88
  35034.811    12.890   -13.47    8.34
  35404.562    10.030    -7.73    6.35
  35774.412     7.468    -6.93    3.87
  36144.362     6.509    -2.59    2.29
  36514.411     7.868     3.67    4.92
  36884.559    10.524     7.18    7.96
  37254.808    14.101     9.66   10.46
  37625.156    18.473    11.81   13.03
  37995.603    23.303    13.04   15.72
  38366.151    28.439    13.86   16.23
  38736.798    34.735    16.99   15.16
  39107.546    41.003    16.91   15.66
  39478.393    47.815    18.37   15.10
  39849.341    55.653    21.13   10.93
  40220.389    59.973    11.64   10.58
  40591.537    65.251    14.22   11.12
  40962.786    71.687    17.34   13.47
  41334.136    78.033    17.09   15.45
  41705.586    82.582    12.25   13.41
  42077.136    87.317    12.75    8.76
  42448.788    85.223    -5.64    8.67
  42820.540    79.445   -15.54   12.93
  43192.393    69.837   -25.84   15.38
  43564.347    60.156   -26.03   12.53
  43936.402    54.807   -14.38    8.44
  44308.559    54.116    -1.86    7.64
  44680.817    54.597     1.29    7.50
  45053.176    53.637    -2.58    7.53
  45425.636    47.156   -17.40   12.75
  45798.198    40.148   -18.81   13.26
  46170.862    37.361    -7.48   12.48
  46543.627    40.228     7.69   13.52
  46916.495    47.153    18.57   10.89
  47289.463    52.581    14.55    4.62
  47662.534    54.457     5.03    5.29
  48035.707    55.322     2.32    5.15
  48408.982    55.189    -0.36    5.59
  48782.360    55.225     0.10    5.52
  49155.839    55.107    -0.32    5.14
  49529.421    56.033     2.48    4.40
  49903.105    56.934     2.41    4.38
  50276.892    57.685     2.01    5.16
  50650.782    59.193     4.04    6.99
  51024.774    61.942     7.35   10.29
  51398.869    66.563    12.35   16.52
  51773.067    73.777    19.28   22.48
  52147.368    80.695    18.48   22.05
  52521.772    90.266    25.57   16.69
  52896.279    94.099    10.23   15.27
  53270.889    93.800    -0.80   16.79
  53645.603    91.181    -6.99   20.40
  54020.420    83.608   -20.21   21.22
  54395.340    75.166   -22.52   19.21
  54770.364    69.576   -14.91   16.87
  55145.492    64.054   -14.72   15.80
  55520.724    57.189   -18.30   17.99
  55896.059    49.173   -21.36   19.90
  56271.498    39.015   -27.06   17.28
  56647.041    28.861   -27.04   11.35
  57022.689    23.868   -13.29    8.88
  57398.440    24.367     1.33    8.74
  57774.296    26.797     6.47    9.73
  58150.256    27.397     1.60    9.65
  58526.321    29.161     4.69    8.88
  58902.490    28.440    -1.91    7.85
  59278.764    27.245    -3.18    7.27
  59655.142    25.299    -5.17    6.27
  60031.625    22.890    -6.40    4.86
  60408.213    22.163    -1.93    4.25
  60784.907    20.933    -3.27    2.89
  61161.705    22.021     2.89    3.24
  61538.608    21.657    -0.97    3.25
  61915.617    21.737     0.21    4.06
  62292.731    23.455     4.55    6.98
  62669.950    28.989    14.67   12.08
  63047.275    37.943    23.73   13.52
  63424.705    43.563    14.89   12.78
  63802.242    44.709     3.04   13.05
  64179.884    37.911   -18.00   13.11
  64557.631    35.705    -5.84   13.88
  64935.485    42.120    16.98   21.14
  65313.445    52.378    27.14   23.09
  65691.511    63.565    29.59   19.34
  66069.683    69.178    14.84   12.23
  66447.962    64.363   -12.73   11.11
  66826.347    60.853    -9.28   11.29
  67204.838    53.896   -18.38    8.24
  67583.436    53.080    -2.16    7.48
  67962.141    53.268     0.50    7.08
  68340.953    56.808     9.34    8.61
  68719.871    61.224    11.65    8.39
  69098.896    67.890    17.59   10.27
  69478.029    76.393    22.43   11.69
  69857.268    88.611    32.22   15.29
  70236.615   106.030    45.92   22.93
  70616.069   127.289    56.03   29.54
  70995.631   157.769    80.31   37.40
  71375.300   181.455    62.39   32.67
  71755.076   198.545    45.00   19.76
  72134.961   200.360     4.78   17.27
  72514.953   194.326   -15.88   16.58
  72895.053   191.729    -6.83   13.58
  73275.261   197.245    14.51   14.71
  73655.577   200.875     9.55   13.45
  74036.001   202.394     3.99   12.04
  74416.534   193.319   -23.85   17.26
  74797.175   179.685   -35.82   18.20
  75177.924   162.933   -44.00   22.24
  75558.782   145.236   -46.47   19.05
  75939.748   131.341   -36.47   16.10
  76320.824   124.586   -17.73   12.30
  76702.008   121.062    -9.24   10.70
  77083.301   124.037     7.80   11.65
  77464.702   127.426     8.88   12.01
  77846.213   131.584    10.90   14.26
  78227.834   142.580    28.82   22.13
  78609.563   155.591    34.09   25.82
  78991.402   173.552    47.04   27.62
  79373.350   190.043    43.18   25.22
  79755.408   207.543    45.81   19.08
  80137.576   222.956    40.33   20.71
  80519.853   230.563    19.90   18.16
  80902.241   226.141   -11.56   20.57
  81284.738   213.426   -33.24   24.98
  81667.345   196.282   -44.81   22.19
  82050.063   181.433   -38.80   12.87
  82432.890   171.514   -25.91    9.71
  82815.828   163.308   -21.43    7.43
  83198.877   158.578   -12.35    6.09
  83582.036   157.306    -3.32    6.82
  83949.042   163.632    17.24   13.36
  84311.837   168.757    14.13   13.80
  84674.727   173.706    13.64   10.99
  85037.713   173.394    -0.86    8.38
  85400.793   171.514    -5.18   10.39
  85763.969   171.393    -0.33   14.33
  86127.240   170.277    -3.07   17.73
  86490.606   165.146   -14.12   21.14
  86854.068   153.808   -31.20   24.84
  87217.626   140.171   -37.51   24.04
  87581.279   124.266   -43.74   15.19
  87945.028   114.918   -25.70    9.26
  88308.873   114.792    -0.34    9.87
  88672.814   126.382    31.85   21.13
  89036.850   139.975    37.34   23.67
  89400.983   150.987    30.24   15.57
  89765.212   153.436     6.72   11.49
  90129.537   143.207   -28.08   18.74
  90493.958   130.830   -33.96   18.30
  90858.475   118.553   -33.68   14.19
  91223.089   110.837   -21.16   12.52
  91587.800   104.896   -16.29   12.57
  91952.607    98.639   -17.15   12.67
  92317.511    90.484   -22.35   14.26
  92682.511    79.684   -29.59   16.16
  93047.609    66.326   -36.59   18.58
  93412.803    54.724   -31.77   19.25
  93778.094    47.757   -19.07   18.55
  94143.483    46.545    -3.31   19.20
  94508.968    54.625    22.11   22.65
  94874.551    67.660    35.66   23.58
  95240.231    79.095    31.27   20.33
  95606.008    88.421    25.50   12.87
  95971.883    94.927    17.78    6.44
  96337.855    96.991     5.64    4.58
  96703.925    97.815     2.25    5.29
  97070.093    99.108     3.53   10.06
  97436.358   100.049     2.57   13.84
  97802.721   100.983     2.55   16.09
  98169.183   102.380     3.81   15.59
  98535.742   102.345    -0.10   14.67
  98902.399   100.618    -4.71   14.13
  99269.155    98.142    -6.75   13.65
  99636.009    96.176    -5.36   11.75
 100002.961    95.271    -2.46   10.02
 100370.011    95.959     1.87    9.58
 100737.160    96.149     0.52    8.55
 101104.408    94.480    -4.54    7.95
 101471.754    93.511    -2.64    6.76
 101839.199    95.196     4.58    6.10
 102206.743    97.399     5.99    6.28
 102574.386   100.628     8.79    7.55
 102942.128   105.099    12.16    9.65
 103309.969   110.946    15.90   12.20
 103677.909   117.319    17.32   13.06
 104045.948   123.291    16.23   12.26
 104414.087   125.511     6.03   11.06
 104782.325   123.837    -4.55   12.93
 105150.662   117.536   -17.11   14.70
 105519.099   108.462   -24.63   17.31
 105887.636    99.480   -24.38   17.19
 106256.273    88.279   -30.39   13.76
 106625.009    80.677   -20.62   12.10
 106993.845    78.236    -6.62   10.59
 107362.781    77.589    -1.75   10.99
 107731.818    77.504    -0.23   11.00
 108100.954    76.694    -2.20   11.99
 108470.191    70.211   -17.56   12.89
 108839.528    62.128   -21.88   11.24
 109208.965    57.509   -12.50    9.45
 109578.503    52.356   -13.95    7.19
 109948.141    50.334    -5.47    6.57
 110317.880    53.962     9.81   10.90
 110687.720    61.741    21.04   15.33
 111057.661    75.017    35.89   16.40
 111427.702    85.156    27.40   13.41
 111797.845    89.257    11.08    9.71
 112168.088    88.314    -2.54   11.09
 112538.433    80.910   -19.99   13.03
 112908.879    73.239   -20.71   14.32
 113279.427    66.211   -18.97   16.78
 113650.075    55.118   -29.93   13.67
 114020.826    46.470   -23.33   10.59
 114391.677    39.437   -18.96    7.80
 114762.631    34.582   -13.09    6.18
 115133.686    31.261    -8.95    5.56
 115504.843    28.713    -6.86    5.05
 115876.102    27.997    -1.93    5.12
 116247.464    28.279     0.76    5.09
 116618.927    28.891     1.65    5.54
 116990.492    28.294    -1.61    5.39
 117362.160    26.930    -3.67    4.67
 117733.930    26.062    -2.34    4.04
 118105.802    25.664    -1.07    3.35
 118477.777    24.962    -1.89    3.14
 118849.855    23.969    -2.67    3.67
 119222.035    22.932    -2.79    3.76
 119594.318    21.020    -5.14    3.65
 119966.704    19.037    -5.32    3.58
 120339.193    17.968    -2.87    2.88
 120711.785    16.233    -4.66    3.57
 121084.480    16.130    -0.28    4.28
 121457.278    17.910     4.78    5.06
 121830.180    19.648     4.66    5.44
 122203.185    22.869     8.64    3.82
 122576.294    24.548     4.50    3.35
 122949.506    25.618     2.87    3.21
 123322.822    26.168     1.47    3.58
 123696.241    25.709    -1.23    3.83
 124069.765    26.091     1.02    4.26
 124443.392    26.968     2.35    5.09
 124817.123    27.801     2.23    4.82
 125190.959    28.458     1.76    4.64
 125564.898    29.135     1.81    4.55
 125938.942    29.787     1.74    4.23
 126313.091    29.582    -0.55    4.00
 126687.344    28.580    -2.68    3.69
 127061.701    28.395    -0.49    3.19
 127436.163    28.082    -0.84    2.56
 127810.730    28.964     2.36    3.31
 128185.401    31.656     7.19    4.81
 128560.178    32.837     3.15    5.63
 128935.059    31.429    -3.76    6.86
 129310.046    31.073    -0.95    7.70
 129685.138    30.678    -1.05    8.04
 130060.335    30.304    -1.00    7.38
 130435.637    32.984     7.14    7.99
 130811.045    34.640     4.41    8.15
