# NaN NaN NaN ;Mean Elev.(m), Avg Gradient(m/km), RMS Gradient(m/km) - SRTM1     
#   -5.491   1.950   8.864 ;Mean Elev.(m), Avg Gradient(m/km), RMS Gradient(m/km) - ASTER GDEM
#    5.147  -0.097   5.553 ;Mean Elev.(m), Avg Gradient(m/km), RMS Gradient(m/km) - GMTED2010 
  7  90.484484  73.234149    14.237    10.127  4 52467.24801334 25.781
 10  90.492725  73.236051     5.556     5.363  3 52572.24802735 17.159
 11  90.476357  73.232554    13.521     9.601  5 52607.24798558 10.998
 12  90.506578  73.237029    25.521    25.521  2 52642.24798277  5.970
 13  90.473158  73.232205    13.785    13.700  5 52677.24797057  8.243
 14  90.505838  73.236820     9.109     9.526  3 52712.24800071  6.390
 15  90.454268  73.229298     9.563     7.837  6 52747.24803026  6.813
 17  90.511580  73.235757    17.595    17.085  4 52817.24804598 22.766
 18  90.506739  73.236941    30.516    30.516  2 52852.24809642 17.020
 20  90.458278  73.228780     0.852     0.853  6 52922.24808836 41.126
 22  90.505831  73.237840     5.736     5.718  3 52992.24807251 11.754
 23  90.469711  73.231045    14.038    10.917  5 53027.24804022 10.133
 24  90.505504  73.236805     5.818     5.729  3 53062.24804715  9.037
 25  90.451788  73.228612    12.355    11.612  7 53097.24807280  8.679
 26  90.510968  73.236469     6.542     6.578  4 53132.24804389  9.275
 28  90.492875  73.236083     7.531     8.052  3 53202.24812227 16.541
 29  90.479519  73.233630     0.725     0.748  5 53237.24809214 31.085
 31  90.495511  73.236112     7.401     7.520  4 53307.24811230 16.813
 36  90.497651  73.236805    23.769    24.254  3 53482.24812503  4.768
 37  90.485073  73.234516    29.349    30.441  3 53517.24812737  4.093
 38  90.472213  73.231813     9.288     9.269  5 53552.24814912 21.976
 39  90.477657  73.233110     2.770     1.138  5 53587.24810213 24.519
 40  90.511212  73.235725    10.519     4.855  4 53622.24806736 31.083
 41  90.505548  73.237464     1.358     1.343  3 53657.24809515 33.313
 42  90.471611  73.231802     7.076     7.298  6 53692.24808213 13.142
 43  90.452226  73.228910     6.076     5.987  6 53727.24800664 10.240
 45  90.468922  73.231524    13.852    16.062  5 53797.24797198  8.328
 47  90.500699  73.236098     9.061     9.174  3 53867.24802887  9.290
 48  90.491057  73.235625    21.894    29.330  3 53902.24805941 28.973
 49  90.476667  73.233134     8.412     8.780  5 53937.24809814 16.556
 50  90.458403  73.228666    14.851    10.060  4 53972.24806397 19.979
 52  90.507981  73.235972     5.335     5.526  3 54042.24807165 19.825
 54  90.441314  73.226213     5.712     5.454  7 54112.24800901 11.503
 56  90.452008  73.229206    10.882    13.334  7 54182.24799614  8.100
 57  90.504597  73.237519    29.077    30.327  3 54217.24801664 10.454
 58  90.493179  73.235802     8.553     8.413  4 54252.24804299  4.406
 59  90.485937  73.234890    13.962     9.083  3 54287.24804841 15.953
 60  90.489129  73.234989     2.666     1.694  3 54322.24804549 25.799
 61  90.453188  73.228535    16.064    18.799  7 54357.24800641 19.367
 62  90.492208  73.235096     0.933     0.917  3 54392.24798591 27.167
 63  90.475648  73.232752     5.834     5.918  5 54427.24795527 10.863
 64  90.506240  73.237227     4.827     4.827  2 54462.24796280  9.055
 65  90.474827  73.232282     6.956     6.711  4 54497.24796338  8.851
 66  90.501674  73.237099    19.713    23.352  3 54532.24797621  4.647
 67  90.455281  73.229319    13.676    15.659  7 54567.24796937  6.875
 68  90.495444  73.236144    28.343    29.484  3 54602.24797175  4.402
 69  90.486021  73.235240     6.663     6.667  4 54637.24798364 40.400
 70  90.478880  73.233049    13.999     9.231  5 54672.24798756 19.099
 71  90.467953  73.231041     4.904     4.684  6 54707.24794779 18.459
 72  90.497655  73.235808     2.294     1.183  3 54742.24795152 31.719
 73  90.476571  73.232471     6.475     6.486  5 54777.24792882 12.479
 74  90.510197  73.237512     5.328     5.328  2 54812.24794437  9.893
 75  90.469877  73.231424    10.804     8.571  5 54847.24792936  8.897
 76  90.500487  73.237529    25.539    25.320  3 54882.24794799  6.555
 77  90.451129  73.228435     9.962     8.289  7 54917.24793338  7.103
 78  90.498164  73.237258    24.383    24.812  3 54952.24794178  4.952
 79  90.492050  73.235809     0.286     0.279  4 54987.24796662 41.461
 80  90.480223  73.232816     8.396     8.849  4 55022.24796000 17.900
 81  90.480013  73.233221     5.015     6.019  4 55057.24795604 19.137
 82  90.456938  73.229528    16.783    19.628  7 55092.24791366 17.457
 83  90.492793  73.235030     0.841     0.831  3 55127.24789532 38.868
 84  90.476138  73.233291     7.791     8.347  5 55162.24787398 16.000
 85  90.503687  73.236303     6.409     6.464  3 55197.24788569 13.973
 86  90.458528  73.229126     7.433     7.282  6 55232.24787899 11.584
 87  90.493638  73.235413    12.668     6.822  3 55267.24788106 10.877
 88  90.458295  73.229769    14.519    15.520  6 55302.24785928  8.788
 89  90.483483  73.234108    27.714    29.704  3 55337.24785584  9.814
 90  90.482615  73.233630     9.372     9.329  4 55372.24784591 47.303
 91  90.503384  73.237650    31.448    31.697  3 55407.24786464 19.248
 92  90.477851  73.232534    20.256    20.013  4 55442.24786524 21.457
 93  90.452301  73.228437     1.100     1.099  6 55477.24780767 38.169
