# NaN NaN NaN ;Mean Elev.(m), Avg Gradient(m/km), RMS Gradient(m/km) - SRTM1     
#   -8.653  -0.963   6.847 ;Mean Elev.(m), Avg Gradient(m/km), RMS Gradient(m/km) - ASTER GDEM
#    5.163  -1.222   5.569 ;Mean Elev.(m), Avg Gradient(m/km), RMS Gradient(m/km) - GMTED2010 
  8  90.258444  73.190137    15.652    15.820  4 52496.58365296 19.115
 10  90.259014  73.180921     0.455     0.455  2 52566.58365959 25.513
 11  90.259250  73.187141    30.217    32.689  3 52601.58367163  6.179
 13  90.254904  73.187798    32.180    34.081  3 52671.58364174  3.096
 14  90.252689  73.181397    40.050    40.050  2 52706.58363915  0.606
 15  90.254627  73.188134    33.844    34.545  4 52741.58367282  1.673
 16  90.271321  73.192020     5.394     5.426  4 52776.58361634 19.334
 19  90.262069  73.180778     9.473     9.473  2 52881.58378436 24.294
 20  90.270527  73.186966     7.166     7.556  3 52916.58374227 24.294
 22  90.257031  73.186696    15.940    16.773  3 52986.58372110 12.689
 23  90.259416  73.190876    20.043    20.690  4 53021.58371114 10.593
 24  90.259383  73.181715    34.239    34.746  3 53056.58369978  4.931
 25  90.256473  73.190414    26.707    26.485  4 53091.58373910  6.328
 26  90.256290  73.179417    36.141    36.141  2 53126.58370798  4.641
 27  90.258480  73.180093     9.487     9.487  2 53161.58377067  8.570
 28  90.260103  73.184228     7.051     7.051  2 53196.58376970 25.420
 29  90.260371  73.189264     4.819     4.287  4 53231.58375221 26.968
 30  90.268140  73.192781     1.768     1.151  4 53266.58372210 25.436
 32  90.254868  73.187923     5.081     5.552  3 53336.58374381 11.338
 33  90.271170  73.191442     5.675     5.691  4 53371.58368038 10.084
 35  90.269543  73.190521     8.314     7.504  4 53441.58370249  7.257
 37  90.258298  73.183509    36.519    36.519  2 53511.58378343  1.752
 38  90.256374  73.186623    14.969     9.517  3 53546.58380121 24.176
 39  90.257193  73.189747     5.169     4.624  4 53581.58377376 20.408
 40  90.267597  73.190095    11.368     9.650  4 53616.58372874 21.764
 41  90.256169  73.181398     0.821     0.821  2 53651.58374291 36.545
 42  90.259941  73.182854    33.027    33.027  2 53686.58374853  8.460
 43  90.266718  73.192678     8.491     5.270  4 53721.58367574 10.404
 44  90.254749  73.181466    39.018    39.018  2 53756.58360445  1.432
 45  90.258584  73.189197    32.373    33.059  4 53791.58363179  3.510
 47  90.253802  73.179997    39.832    39.832  2 53861.58368214  1.031
 48  90.258153  73.181796    20.877    20.877  2 53896.58370283 17.961
 49  90.259338  73.180476     9.276     9.276  2 53931.58375282 21.382
 50  90.254641  73.187553     5.184     3.953  3 53966.58372971 22.760
 52  90.259564  73.181494     0.550     0.550  2 54036.58373069 24.666
 53  90.258050  73.186483    18.764    17.643  3 54071.58372584 11.684
 54  90.269899  73.191252    10.187     7.173  4 54106.58367760 10.355
 55  90.256726  73.179827    36.028    36.028  2 54141.58365854  2.560
 56  90.262330  73.189351    20.975    20.683  5 54176.58365896  5.294
 57  90.257725  73.179959    40.473    40.473  2 54211.58366556  6.644
 58  90.258346  73.182633    36.677    36.677  2 54246.58369564  5.698
 60  90.261636  73.186344     6.318     8.246  3 54316.58370485 23.417
 61  90.266068  73.188775     3.664     2.943  4 54351.58367205 30.044
 63  90.260847  73.189211     9.722     9.501  4 54421.58362196 10.895
 65  90.258066  73.189790    14.208    11.681  4 54491.58362389  6.921
 66  90.258536  73.181221    34.992    34.992  2 54526.58362912  1.744
 67  90.260911  73.190478    20.996    21.397  4 54561.58363231  5.745
 68  90.260271  73.183606    36.914    36.914  2 54596.58362536  6.841
 69  90.263766  73.181507    24.554    24.554  2 54631.58363844  8.519
 70  90.260058  73.183330     7.642     7.642  2 54666.58364493 25.718
 71  90.265243  73.190200     1.276     1.256  4 54701.58361396 48.974
 73  90.259339  73.188619     5.327     6.801  3 54771.58359446 14.289
 74  90.251150  73.180305    40.108    40.108  2 54806.58359841  0.761
 75  90.258166  73.186550    32.121    33.529  3 54841.58359026  4.003
 76  90.257284  73.181723    39.659    39.659  2 54876.58359991  2.959
 77  90.262453  73.190139    29.409    29.494  5 54911.58359583  3.300
 78  90.257914  73.179705    40.792    40.792  2 54946.58359234  0.726
 79  90.261565  73.182909    21.922    21.922  2 54981.58361870 13.049
 80  90.255271  73.186452    32.718    35.914  3 55016.58361998 19.495
 81  90.253107  73.189021     1.979     1.958  4 55051.58361535 26.752
 82  90.263476  73.191840    15.451    15.451  2 55086.58358008 24.935
 83  90.257389  73.180263     9.412     9.412  2 55121.58354800 20.719
 84  90.260704  73.188098     5.242     5.306  3 55156.58353973 16.268
 85  90.252097  73.179957    35.687    35.687  2 55191.58353769  5.471
 86  90.262846  73.186929    19.340    18.752  3 55226.58354019  8.893
 87  90.262111  73.182140    25.037    25.037  2 55261.58353334  7.237
 88  90.262090  73.190445    21.320    21.450  4 55296.58352583  8.438
 89  90.256966  73.185549    31.637    32.777  3 55331.58351438 10.301
 90  90.268826  73.183866     9.411     9.411  2 55366.58350649 29.269
 91  90.252512  73.181017     7.894     7.894  2 55401.58351996 27.005
 92  90.256493  73.189317    18.704    18.704  2 55436.58352516 23.134
 93  90.264395  73.192717     2.176     1.455  3 55471.58347654 26.496
