# NaN NaN NaN ;Mean Elev.(m), Avg Gradient(m/km), RMS Gradient(m/km) - SRTM1     
#    6.515  -1.735   2.386 ;Mean Elev.(m), Avg Gradient(m/km), RMS Gradient(m/km) - ASTER GDEM
#    6.159  -2.800   6.211 ;Mean Elev.(m), Avg Gradient(m/km), RMS Gradient(m/km) - GMTED2010 
  7  87.738803  73.017322     5.759     5.759  2 52467.59161657 28.142
 10  87.733126  73.016727     2.858     2.858  2 52572.59163090 21.319
 12  87.731225  73.013525     3.990     4.133  3 52642.59158568 10.257
 13  87.743773  73.021808     3.535     3.535  2 52677.59157154  9.600
 14  87.728955  73.014092     4.501     4.526  3 52712.59160458  9.317
 15  87.740041  73.018614     4.709     4.709  2 52747.59163156  8.185
 17  87.718927  73.014073     7.318     7.318  2 52817.59164985 29.963
 18  87.733522  73.014081     5.598     5.598  2 52852.59169964 21.884
 21  87.731243  73.014829     4.503     4.503  2 52957.59165428 16.815
 22  87.737926  73.016055     5.072     5.072  2 52992.59167735 14.036
 23  87.748093  73.023808     4.165     4.165  2 53027.59164377 10.905
 24  87.741054  73.016413     4.531     4.531  2 53062.59165135 10.611
 26  87.736819  73.017585     5.198     5.198  2 53132.59164906  8.648
 28  87.736920  73.016271     6.461     6.645  3 53202.59172550 18.041
 29  87.748207  73.022123     0.125     0.125  2 53237.59169505 46.111
 31  87.729513  73.014352     3.708     3.712  3 53307.59171456 17.538
 32  87.742816  73.019647     3.631     3.631  2 53342.59168201 11.262
 34  87.740093  73.018171     3.322     3.322  2 53412.59165757  8.501
 36  87.727237  73.013878     4.141     4.141  2 53482.59172859  7.352
 37  87.738017  73.019733    11.764    11.764  2 53517.59173028  6.824
 38  87.738137  73.015957     3.965     3.965  2 53552.59175074 46.787
 41  87.731037  73.013770     1.633     1.633  2 53657.59169871 35.386
 42  87.744125  73.018233     4.136     4.136  2 53692.59168278 13.776
 43  87.755287  73.022924     2.864     2.864  2 53727.59160665 10.810
 44  87.733674  73.014394     4.389     4.389  2 53762.59156152 11.070
 45  87.748437  73.022268     5.997     5.997  2 53797.59157360  9.222
 47  87.730221  73.014942     5.020     5.228  3 53867.59163197  8.620
 48  87.735902  73.016920     6.768     6.768  2 53902.59166298 25.545
 49  87.731986  73.014419     4.145     4.788  3 53937.59169993 19.966
 51  87.724991  73.013118     5.645     5.850  3 54007.59165010 21.079
 52  87.735849  73.015307     3.825     3.825  2 54042.59167441 18.683
 54  87.751892  73.024015     4.149     4.149  2 54112.59160859 11.410
 55  87.732028  73.015679     3.993     3.993  2 54147.59161187  9.756
 56  87.752323  73.022187     4.416     4.416  2 54182.59159647  7.907
 57  87.732692  73.014160     6.497     6.497  2 54217.59162020  9.510
 62  87.737449  73.017254     0.566     0.608  3 54392.59158845 31.940
 63  87.742227  73.021150     1.124     1.124  2 54427.59155688 13.067
 64  87.734782  73.014662     2.050     2.050  2 54462.59156602 10.611
 65  87.744704  73.019895     3.951     3.951  2 54497.59156502  9.770
 66  87.736229  73.017058     4.287     4.287  2 54532.59157977  8.383
 67  87.748473  73.023520     4.618     4.618  2 54567.59157035  7.652
 68  87.735649  73.016695     7.222     6.818  3 54602.59157499 13.126
 69  87.739710  73.017615     4.351     4.351  2 54637.59158616 39.851
 70  87.737450  73.019527     1.406     1.406  2 54672.59158983 49.078
 71  87.747434  73.020951     6.639     6.639  2 54707.59154909 16.888
 72  87.735794  73.015779     6.001     6.001  2 54742.59155443 21.912
 73  87.744785  73.019287     2.647     2.647  2 54777.59153045 15.564
 74  87.729898  73.014774     2.472     2.054  3 54812.59154793 12.897
 75  87.742954  73.021218     2.737     2.737  2 54847.59153098 11.146
 76  87.735040  73.015596     4.644     5.028  3 54882.59155116 11.693
 77  87.749124  73.022087     4.070     4.070  2 54917.59153372  9.950
 78  87.735576  73.015821     4.737     4.737  2 54952.59154534  9.850
 79  87.736103  73.015673     1.660     1.759  3 54987.59156954 40.578
 84  87.741638  73.020163     2.543     2.543  2 55162.59147560 16.243
 85  87.732439  73.014862     4.062     3.871  3 55197.59148893 13.115
 86  87.746546  73.021523     4.746     4.746  2 55232.59147965 11.521
 87  87.736569  73.017256     4.475     4.475  2 55267.59148398 10.608
 88  87.751820  73.022021     4.557     4.557  2 55302.59145994  9.258
 89  87.740692  73.018006     6.635     6.635  2 55337.59145811  7.682
 90  87.739902  73.019746     6.826     6.826  2 55372.59144850 50.304
 91  87.737860  73.015489     6.568     6.568  2 55407.59146820 23.889
 93  87.752899  73.022968     0.071     0.071  2 55477.59140769 38.395
