# NaN NaN NaN ;Mean Elev.(m), Avg Gradient(m/km), RMS Gradient(m/km) - SRTM1     
#    6.515  -1.735   2.386 ;Mean Elev.(m), Avg Gradient(m/km), RMS Gradient(m/km) - ASTER GDEM
#    6.159  -2.800   6.211 ;Mean Elev.(m), Avg Gradient(m/km), RMS Gradient(m/km) - GMTED2010 
  7     5.150 52467.59161625 28.51  87.741788  73.015897 11.946
  7     6.368 52467.59161689 27.74  87.735818  73.018747 11.946
 10     3.296 52572.59163058 20.89  87.736111  73.015297  4.265
 10     2.420 52572.59163122 21.71  87.730141  73.018157  4.265
 12     4.133 52642.59158503 10.60  87.737195  73.010665  2.365
 12     4.492 52642.59158568 10.02  87.731225  73.013525  2.365
 12     3.345 52642.59158632 10.13  87.725255  73.016385  2.365
 13     4.152 52677.59157122  9.58  87.746758  73.020383  2.006
 13     2.919 52677.59157186  9.62  87.740788  73.023233  2.006
 14     5.118 52712.59160394  9.48  87.734932  73.011235  2.931
 14     4.526 52712.59160458  9.38  87.728952  73.014095  2.931
 14     3.857 52712.59160523  9.08  87.722982  73.016945  2.931
 15     5.141 52747.59163123  8.21  87.743031  73.017189  2.814
 15     4.278 52747.59163188  8.16  87.737051  73.020039  2.814
 17     7.210 52817.59164953 23.02  87.721917  73.012643 22.753
 17     7.426 52817.59165017 32.51  87.715937  73.015503 22.753
 18     4.563 52852.59169932 23.84  87.736507  73.012651 23.507
 18     6.633 52852.59169997 18.23  87.730537  73.015511 23.507
 21     4.977 52957.59165396 16.87  87.734233  73.013399  2.512
 21     4.029 52957.59165460 16.76  87.728253  73.016259  2.512
 22     5.146 52992.59167703 14.34  87.740911  73.014630  2.892
 22     4.999 52992.59167767 13.71  87.734941  73.017480  2.892
 23     4.630 53027.59164345 10.93  87.751078  73.022378  2.497
 23     3.699 53027.59164409 10.88  87.745108  73.025238  2.497
 24     4.946 53062.59165103 10.51  87.744044  73.014988  2.314
 24     4.117 53062.59165167 10.71  87.738064  73.017838  2.314
 26     5.267 53132.59164873  8.49  87.739809  73.016155  2.730
 26     5.130 53132.59164938  8.80  87.733829  73.019015  2.730
 28     5.671 53202.59172486 14.99  87.742893  73.013418 20.748
 28     6.645 53202.59172550 14.47  87.736923  73.016268 20.748
 28     7.069 53202.59172615 21.19  87.730943  73.019128 20.748
 29    -0.101 53237.59169473 42.14  87.751197  73.020693 19.961
 29     0.351 53237.59169537 48.15  87.745217  73.023553 19.961
 31     4.609 53307.59171392 17.47  87.735483  73.011499  2.792
 31     3.712 53307.59171456 17.46  87.729513  73.014349  2.792
 31     2.804 53307.59171521 17.68  87.723543  73.017209  2.792
 32     3.697 53342.59168169 11.38  87.745806  73.018217  2.039
 32     3.565 53342.59168233 11.14  87.739826  73.021077  2.039
 34     3.643 53412.59165725  8.60  87.743078  73.016741  2.008
 34     3.001 53412.59165789  8.40  87.737108  73.019601  2.008
 36     4.507 53482.59172826  7.47  87.730222  73.012448  2.052
 36     3.775 53482.59172891  7.23  87.724252  73.015308  2.052
 37     8.082 53517.59172996  7.10  87.741002  73.018303  2.282
 37    15.446 53517.59173060  6.53  87.735032  73.021163  2.282
 38     3.911 53552.59175042 48.53  87.741122  73.014532 22.197
 38     4.020 53552.59175106 43.83  87.735152  73.017382 22.197
 41     1.646 53657.59169838 35.07  87.734027  73.012345  7.141
 41     1.621 53657.59169903 35.68  87.728047  73.015195  7.141
 42     4.631 53692.59168246 13.87  87.747110  73.016808  2.282
 42     3.640 53692.59168310 13.68  87.741140  73.019658  2.282
 43     4.404 53727.59160633 10.80  87.758272  73.021494  2.020
 43     1.324 53727.59160697 10.82  87.752302  73.024354  2.020
 44     4.889 53762.59156120 11.10  87.736659  73.012969  2.521
 44     3.888 53762.59156185 11.04  87.730689  73.015819  2.521
 45     6.110 53797.59157328  9.47  87.751422  73.020843  2.323
 45     5.885 53797.59157393  8.96  87.745452  73.023693  2.323
 47     5.499 53867.59163132  8.84  87.736191  73.012085  1.740
 47     5.228 53867.59163197  8.55  87.730221  73.014945  1.740
 47     4.335 53867.59163261  8.46  87.724251  73.017795  1.740
 48     5.361 53902.59166265 26.03  87.738887  73.015490 11.949
 48     8.174 53902.59166330 25.00  87.732917  73.018350 11.949
 49     4.788 53937.59169928 19.79  87.737953  73.011566  9.214
 49     0.770 53937.59169993 20.79  87.731993  73.014416  9.214
 49     6.876 53937.59170057 19.16  87.726013  73.017276  9.214
 51     4.691 54007.59164946 22.72  87.730961  73.010265  9.291
 51     5.850 54007.59165010 18.72  87.724991  73.013115  9.291
 51     6.392 54007.59165075 20.90  87.719021  73.015975  9.291
 52     4.201 54042.59167409 19.06  87.738837  73.013875  2.716
 52     3.450 54042.59167473 18.27  87.732861  73.016739  2.704
 54     4.013 54112.59160826 11.69  87.754877  73.022590  1.941
 54     4.285 54112.59160891 11.11  87.748907  73.025440  1.941
 55     4.491 54147.59161155  9.83  87.735018  73.014249  2.613
 55     3.496 54147.59161220  9.68  87.729038  73.017109  2.613
 56     4.609 54182.59159615  8.03  87.755308  73.020757  2.689
 56     4.222 54182.59159680  7.78  87.749338  73.023617  2.689
 57     6.246 54217.59161988  9.72  87.735677  73.012730  2.720
 57     6.747 54217.59162052  9.29  87.729707  73.015590  2.720
 62     0.656 54392.59158781 30.76  87.743422  73.014394  6.745
 62     0.608 54392.59158845 33.11  87.737452  73.017254  6.745
 62     0.435 54392.59158910 31.62  87.731472  73.020114  6.745
 63     1.127 54427.59155656 13.44  87.745212  73.019725  2.449
 63     1.121 54427.59155720 12.66  87.739242  73.022575  2.449
 64     1.412 54462.59156569 10.71  87.737767  73.013232  2.221
 64     2.688 54462.59156634 10.51  87.731797  73.016092  2.221
 65     4.468 54497.59156469  9.77  87.747689  73.018465  2.437
 65     3.434 54497.59156534  9.77  87.741719  73.021325  2.437
 66     4.451 54532.59157945  8.54  87.739214  73.015628  2.240
 66     4.123 54532.59158009  8.22  87.733244  73.018488  2.240
 67     5.185 54567.59157002  7.53  87.751458  73.022090  2.032
 67     4.052 54567.59157067  7.77  87.745488  73.024950  2.032
 68     6.524 54602.59157434 13.53  87.741622  73.013838  1.915
 68     6.818 54602.59157499 13.25  87.735652  73.016698  1.915
 68     8.323 54602.59157563 12.54  87.729672  73.019548  1.915
 69     4.326 54637.59158584 41.08  87.742695  73.016185 13.795
 69     4.377 54637.59158649 38.13  87.736725  73.019045 13.795
 70     1.512 54672.59158951 50.45  87.740440  73.018097 23.498
 70     1.301 54672.59159015 47.06  87.734460  73.020957 23.498
 71     6.298 54707.59154877 13.10  87.750419  73.019521 13.775
 71     6.981 54707.59154942 18.88  87.744449  73.022381 13.775
 72     4.993 54742.59155411 23.01  87.738779  73.014349 12.189
 72     7.009 54742.59155476 20.44  87.732809  73.017209 12.189
 73     3.180 54777.59153012 15.90  87.747770  73.017862  3.235
 73     2.114 54777.59153077 15.20  87.741800  73.020712  3.235
 74     3.627 54812.59154729 13.33  87.735871  73.011921  3.290
 74     2.054 54812.59154793 12.93  87.729901  73.014771  3.290
 74     1.734 54812.59154858 12.38  87.723921  73.017631  3.290
 75     2.684 54847.59153066 11.23  87.745939  73.019793  3.232
 75     2.789 54847.59153131 11.06  87.739969  73.022643  3.232
 76     5.178 54882.59155051 12.30  87.741017  73.012736  3.259
 76     5.028 54882.59155116 11.55  87.735037  73.015596  3.259
 76     3.726 54882.59155180 11.15  87.729067  73.018456  3.259
 77     4.407 54917.59153339 10.30  87.752109  73.020662  3.193
 77     3.732 54917.59153404  9.57  87.746139  73.023512  3.193
 78     4.704 54952.59154501 10.14  87.738561  73.014391  2.094
 78     4.769 54952.59154566  9.54  87.732591  73.017251  2.094
 79     1.759 54987.59156889 33.65  87.742073  73.012816 13.266
 79     1.851 54987.59156954 40.18  87.736103  73.015676 13.266
 79     1.370 54987.59157018 43.33  87.730133  73.018526 13.266
 84     3.101 55162.59147528 16.08  87.744623  73.018733  3.024
 84     1.986 55162.59147593 16.40  87.738653  73.021593  3.024
 85     4.835 55197.59148829 13.21  87.738409  73.012005  2.378
 85     3.871 55197.59148893 12.92  87.732439  73.014865  2.378
 85     3.479 55197.59148958 13.21  87.726469  73.017715  2.378
 86     4.486 55232.59147933 11.63  87.749531  73.020093  2.396
 86     5.006 55232.59147997 11.41  87.743561  73.022953  2.396
 87     4.607 55267.59148366 10.87  87.739559  73.015826  2.124
 87     4.343 55267.59148430 10.33  87.733579  73.018686  2.124
 88     4.620 55302.59145962  9.72  87.754805  73.020591  2.090
 88     4.494 55302.59146026  8.74  87.748835  73.023451  2.090
 89     6.317 55337.59145779  7.81  87.743677  73.016576  2.568
 89     6.953 55337.59145843  7.55  87.737707  73.019436  2.568
 90     6.181 55372.59144818 51.27  87.742892  73.018316 26.529
 90     7.472 55372.59144883 49.06  87.736912  73.021176 26.529
 91     5.659 55407.59146788 24.68  87.740845  73.014059 13.606
 91     7.478 55407.59146852 22.92  87.734875  73.016919 13.606
 93     0.081 55477.59140736 38.46  87.755884  73.021538 10.893
 93     0.060 55477.59140801 38.33  87.749914  73.024398 10.893
