# NaN NaN NaN ;Mean Elev.(m), Avg Gradient(m/km), RMS Gradient(m/km) - SRTM1     
#   16.365  -3.772  23.115 ;Mean Elev.(m), Avg Gradient(m/km), RMS Gradient(m/km) - ASTER GDEM
#    4.285  -3.807  21.129 ;Mean Elev.(m), Avg Gradient(m/km), RMS Gradient(m/km) - GMTED2010 
  8    14.514 52492.25798295 11.27  86.695299  73.137899  2.978
  8     7.642 52492.25798360 11.74  86.689249  73.135049  2.978
 17   126.880 52807.25802649 10.30  86.705747  73.136708  5.102
 17   124.853 52807.25802713  8.72  86.699687  73.133868  5.102
 17   123.007 52807.25802778  8.29  86.693637  73.131018  5.102
 19   115.743 52877.25812394  2.66  86.695616  73.137204  9.909
 19   118.044 52877.25812458  1.12  86.689562  73.134354  3.794
 20   114.290 52912.25808202  3.02  86.687320  73.140652  6.660
 20   113.012 52912.25808266  2.29  86.681270  73.137802  6.660
 21    34.909 52947.25804004  5.07  86.708009  73.130581  3.106
 21    33.460 52947.25804069  4.85  86.701959  73.127731  3.106
 21    32.257 52947.25804133  4.76  86.695909  73.124891  3.106
 37     5.118 53507.25813358  5.68  86.690399  73.139104  2.418
 37     7.801 53507.25813423  6.45  86.684349  73.136254  2.418
 38   106.467 53542.25814066  8.06  86.690088  73.140226  5.685
 38   125.900 53542.25814131  4.98  86.684028  73.137376  5.685
 42    37.171 53682.25810008  1.28  86.688776  73.142503  3.700
 42    30.402 53682.25810073  4.64  86.682726  73.139653  3.700
 43    38.306 53717.25802739  0.80  86.688258  73.143145  2.799
 43     2.637 53717.25802868  7.74  86.676158  73.137445  2.799
 49    66.519 53927.25809709  1.39  86.685701  73.139202  3.438
 49    45.879 53927.25809773  2.37  86.679651  73.136352  3.438
 52    34.731 54032.25807673  5.31  86.703975  73.137171  4.027
 52    40.606 54032.25807738  5.16  86.697925  73.134321  4.027
 52    42.265 54032.25807802  4.56  86.691875  73.131471  4.027
 59   111.915 54277.25805091  4.18  86.691394  73.137646  9.556
 59   117.929 54277.25805155  1.89  86.685344  73.134796  9.556
 60    54.631 54312.25805148  1.83  86.692286  73.138525  3.527
 60    44.703 54312.25805212  0.98  86.686236  73.135675  3.527
 61     8.616 54347.25802354 13.95  86.682948  73.142840  7.929
 61     8.800 54347.25802418 19.68  86.676898  73.139990  7.929
 62   122.721 54382.25798839  2.73  86.703096  73.138048 15.838
 62    98.948 54382.25798903  4.84  86.697046  73.135198 15.838
 62   116.990 54382.25798968  5.09  86.690986  73.132348  4.550
 63    45.131 54417.25797247  0.70  86.691119  73.143362  1.972
 63    44.772 54417.25797312  0.41  86.685069  73.140512  1.972
 63    45.434 54417.25797376  0.71  86.679019  73.137662  1.972
 70   102.705 54662.25799022  5.79  86.693765  73.139322 13.657
 70   102.263 54662.25799087  2.02  86.687712  73.136471  5.069
 72     3.106 54732.25794714 18.95  86.699208  73.135722  6.389
 72     8.220 54732.25794779 13.83  86.693158  73.132872  6.389
 80   103.557 55012.25796761  6.21  86.693287  73.141271  7.543
 80   103.529 55012.25796825  3.50  86.687237  73.138431  7.543
 80   113.515 55012.25796890  0.91  86.681188  73.135576  5.013
 82    15.780 55082.25793093 11.62  86.686136  73.145071  5.715
 82     8.564 55082.25793158 14.97  86.680086  73.142221  5.715
 82     9.524 55082.25793222 19.46  86.674036  73.139371  5.715
 84    36.107 55152.25788955  2.08  86.691299  73.141046  2.307
 84    36.021 55152.25789019  2.88  86.685249  73.138196  2.307
 87     0.978 55257.25787548  8.47  86.694915  73.136304  3.043
 87     0.789 55257.25787612  8.86  86.688865  73.133454  3.043
 90   132.361 55362.25785472  3.14  86.690797  73.142060  7.089
 90   129.776 55362.25785537  2.49  86.684737  73.139210  7.089
 90   127.834 55362.25785601  1.32  86.678694  73.136362  4.735
 92     6.920 55432.25787050 12.68  86.692541  73.138056  8.499
 92     2.629 55432.25787115 18.68  86.686491  73.135206  8.499
 93     6.935 55467.25782870 13.95  86.684515  73.145600  5.449
 93     7.717 55467.25782934 15.09  86.678465  73.142750  5.449
 93     8.129 55467.25782999 17.13  86.672415  73.139900  5.449
