 -78418.418   116.702     0.00   18.64
 -78054.811   114.725    -5.44   19.21
 -77691.299   109.174   -15.27   22.83
 -77327.883    99.661   -26.18   25.79
 -76964.562    86.950   -34.99   23.46
 -76601.336    75.485   -31.56   18.52
 -76238.205    67.760   -21.27   14.68
 -75875.169    62.043   -15.75   13.73
 -75512.228    54.127   -21.81   12.62
 -75145.578    43.167   -29.89   15.89
 -74762.318    34.215   -23.36   16.57
 -74379.168    27.952   -16.35   13.31
 -73996.129    23.624   -11.30   10.54
 -73613.199    26.767     8.21   14.25
 -73230.380    29.984     8.40   17.50
 -72847.671    31.403     3.71   18.59
 -72465.071    28.597    -7.33   18.17
 -72082.581    22.269   -16.54   16.36
 -71700.201    15.655   -17.30   12.82
 -71317.930    10.014   -14.76    6.36
 -70935.768     7.082    -7.67    4.25
 -70553.716     6.011    -2.80    3.70
 -70171.774     4.906    -2.89    2.89
 -69789.940     4.997     0.24    3.22
 -69408.215     5.155     0.42    3.60
 -69026.600     5.699     1.43    3.52
 -68645.093     6.937     3.24    3.76
 -68263.695     8.064     2.95    4.04
 -67882.406     8.783     1.89    3.75
 -67501.225     9.302     1.36    3.78
 -67120.153    10.596     3.40    5.99
 -66739.189    14.553    10.39   12.42
 -66358.333    20.596    15.87   16.49
 -65977.586    27.162    17.25   17.46
 -65596.946    30.730     9.37   15.35
 -65216.415    26.611   -10.82   13.71
 -64835.992    20.374   -16.39   15.14
 -64455.677    14.034   -16.67   12.24
 -64075.469    10.054   -10.47    6.73
 -63695.369     9.417    -1.68    5.77
 -63315.376     8.800    -1.62    5.95
 -62935.491     7.397    -3.70    4.53
 -62555.714     6.170    -3.23    3.93
 -62176.043     4.667    -3.96    3.19
 -61796.480     4.073    -1.56    3.25
 -61417.024     2.923    -3.03    2.85
 -61037.675     2.501    -1.11    2.95
 -60658.433     1.917    -1.54    2.65
 -60279.298     2.118     0.53    2.56
 -59900.269     2.982     2.28    2.60
 -59521.347     3.135     0.40    2.40
 -59142.532     3.944     2.14    2.44
 -58763.823     3.223    -1.91    2.61
 -58385.221     3.454     0.61    2.68
 -58006.724     3.956     1.33    2.85
 -57628.334     4.782     2.18    4.29
 -57250.051     7.366     6.83    5.36
 -56871.873    10.293     7.74    6.24
 -56493.801    11.309     2.69    5.93
 -56115.835    11.257    -0.14    6.19
 -55737.974     9.409    -4.89    6.05
 -55360.219     6.518    -7.65    4.02
 -54982.570     5.409    -2.94    3.31
 -54605.027     4.783    -1.66    2.86
 -54227.588     4.147    -1.68    2.53
 -53850.255     4.459     0.83    2.60
 -53473.027     4.234    -0.60    2.62
 -53095.905     4.407     0.46    2.57
 -52718.887     4.873     1.23    3.02
 -52341.974     5.503     1.67    3.73
 -51965.166     6.389     2.35    3.99
 -51588.463     7.147     2.01    4.97
 -51211.865     7.483     0.89    5.30
 -50835.371     5.038    -6.49    4.79
 -50458.982     3.372    -4.43    3.13
 -50082.697     2.450    -2.45    2.41
 -49706.516     2.450     0.00    2.91
 -49330.440     3.607     3.08    3.87
 -48954.468     6.284     7.12    4.91
 -48578.600     9.155     7.64    4.68
 -48202.835    11.235     5.53    4.30
 -47827.175    12.587     3.60    4.75
 -47451.619    14.059     3.92    5.48
 -47076.166    16.923     7.63    6.69
 -46700.817    17.349     1.14    6.09
 -46325.571    16.177    -3.13    6.52
 -45950.429    15.104    -2.86    6.05
 -45575.390    13.264    -4.91    5.34
 -45200.455    12.387    -2.34    4.72
 -44825.623    12.632     0.65    4.47
 -44450.893    13.542     2.43    5.56
 -44076.267    15.957     6.45    7.55
 -43701.744    16.490     1.42    7.76
 -43327.324    16.624     0.36    7.54
 -42953.006    14.856    -4.72    7.18
 -42578.791    12.693    -5.78    5.79
 -42204.679    12.785     0.25    5.75
 -41830.669    15.685     7.75    7.84
 -41456.761    18.046     6.32    8.17
 -41082.956    19.852     4.83    8.21
 -40709.254    23.527     9.83   10.91
 -40335.653    29.091    14.89   14.62
 -39962.154    34.347    14.07   16.93
 -39588.758    38.136    10.15   16.79
 -39215.463    36.192    -5.21   17.19
 -38842.270    32.864    -8.92   16.66
 -38469.179    29.071   -10.16   15.25
 -38096.190    28.754    -0.85   14.61
 -37723.302    30.769     5.41   14.50
 -37350.516    33.776     8.06   15.95
 -36977.831    37.981    11.28   15.85
 -36605.247    44.306    16.98   11.70
 -36232.765    49.347    13.53   10.76
 -35860.384    53.884    12.19   12.03
 -35488.103    60.121    16.75   11.65
 -35115.924    63.761     9.78   11.83
 -34743.846    63.283    -1.28   14.61
 -34371.869    63.291     0.02   15.79
 -33999.992    64.776     3.99   16.25
 -33628.216    66.414     4.40   16.14
 -33256.541    68.429     5.42   13.61
 -32884.966    69.593     3.13   11.88
 -32513.491    72.169     6.93   13.06
 -32142.117    77.715    14.93   13.97
 -31770.843    81.523    10.26   13.15
 -31399.669    81.584     0.17   12.60
 -31028.595    80.961    -1.68   10.36
 -30657.622    80.361    -1.62   10.18
 -30286.748    80.007    -0.95   10.64
 -29915.974    83.344     9.00   10.52
 -29545.300    86.959     9.75   12.47
 -29174.725    91.354    11.86   14.11
 -28804.250    95.912    12.30   12.90
 -28433.875    96.227     0.85   11.23
 -28063.599    91.265   -13.40   10.78
 -27693.422    87.927    -9.02   12.47
 -27323.345    86.038    -5.11   12.95
 -26953.367    92.211    16.69   16.21
 -26583.488    99.192    18.87   17.86
 -26213.708   105.586    17.29   17.46
 -25844.026   108.958     9.12   16.07
 -25474.444   112.414     9.35   14.54
 -25104.961   114.401     5.38   12.19
 -24735.576   115.738     3.62   10.97
 -24366.290   117.494     4.76   11.46
 -23997.102   118.544     2.85   14.21
 -23628.013   122.159     9.79   15.65
 -23259.022   131.379    24.99   17.53
 -22890.130   142.818    31.01   19.15
 -22521.336   154.048    30.45   17.78
 -22152.639   163.061    24.45   12.59
 -21784.041   166.606     9.62    9.63
 -21415.541   163.813    -7.58   11.79
 -21047.139   162.134    -4.56   12.47
 -20678.835   160.369    -4.79   12.82
 -20310.628   157.882    -6.75   12.17
 -19942.519   153.855   -10.94   15.59
 -19574.508   147.349   -17.68   19.56
 -19206.594   142.275   -13.79   21.40
 -18838.778   137.523   -12.92   21.99
 -18471.059   135.046    -6.74   20.41
 -18103.437   130.127   -13.38   17.67
 -17735.913   126.239   -10.58   13.99
 -17368.485   126.517     0.76   12.14
 -17001.155   127.700     3.22   11.49
 -16633.921   126.864    -2.28   12.54
 -16266.785   121.810   -13.77   15.80
 -15899.745   112.387   -25.67   16.09
 -15532.802   105.273   -19.39   12.64
 -15165.956   101.909    -9.17   13.74
 -14799.206   106.140    11.54   16.67
 -14432.552   115.103    24.44   17.36
 -14065.996   122.577    20.39   12.45
 -13699.535   126.136     9.71    8.09
 -13333.171   124.561    -4.30    9.92
 -12966.903   121.056    -9.57   10.69
 -12600.731   118.541    -6.87   11.75
 -12234.655   116.623    -5.24   13.41
 -11868.675   116.715     0.25   15.11
 -11502.790   116.089    -1.71   17.10
 -11137.002   113.307    -7.60   17.59
 -10771.310   108.024   -14.45   18.12
 -10405.713    99.768   -22.58   17.70
 -10040.211    89.800   -27.27   16.44
  -9674.805    77.898   -32.57   16.32
  -9309.495    66.900   -30.11   16.71
  -8944.280    55.607   -30.92   13.66
  -8579.160    48.643   -19.08    8.17
  -8214.135    48.361    -0.77    5.75
  -7849.206    51.100     7.50    8.48
  -7484.371    56.500    14.80   11.49
  -7119.632    63.784    19.97   14.10
  -6754.987    71.746    21.83   12.56
  -6390.437    78.335    18.08    9.67
  -6025.982    81.777     9.44    8.16
  -5661.622    85.097     9.11   10.06
  -5297.356    91.299    17.03   16.41
  -4933.185    98.023    18.46   19.22
  -4569.108   104.504    17.80   20.39
  -4205.125   109.699    14.27   18.58
  -3841.237   109.746     0.13   14.70
  -3477.443   110.578     2.29   15.90
  -3113.743   109.255    -3.64   18.76
  -2750.137   106.371    -7.93   19.32
  -2386.626   100.715   -15.56   19.86
  -2023.208    89.317   -31.36   21.90
  -1659.884    71.294   -49.60   26.84
  -1296.653    50.097   -58.36   29.07
   -933.517    29.084   -57.86   23.99
   -570.474    12.659   -45.24   15.14
   -191.514     4.219   -22.27    7.99
    191.514     0.936    -8.57    2.70
    574.435     4.529     9.38    8.43
    957.248    10.318    15.12   12.05
   1339.953    19.195    23.20   12.40
   1722.549    25.914    17.56    8.38
   2105.038    30.845    12.89    5.85
   2487.420    32.592     4.57    6.13
   2869.693    34.415     4.77    7.50
   3251.859    37.153     7.16    7.33
   3633.918    39.372     5.81    6.53
   4015.869    42.823     9.04    6.26
   4397.713    45.730     7.61    6.69
   4779.450    47.251     3.98    7.36
   5161.080    48.979     4.53    8.34
   5542.603    46.421    -6.71    9.53
   5924.019    44.081    -6.13    9.51
   6305.328    40.973    -8.15    8.29
   6686.530    37.926    -7.99    7.13
   7067.626    36.762    -3.06    8.06
   7448.615    33.521    -8.50    7.65
   7829.498    30.179    -8.78    8.37
   8210.274    28.320    -4.88    9.05
   8590.944    26.113    -5.80    7.97
   8971.508    27.077     2.53    8.90
   9351.966    34.862    20.46   14.84
   9732.318    45.668    28.41   16.30
  10112.564    53.135    19.64   13.32
  10492.704    59.871    17.72   10.30
  10872.738    66.600    17.71   13.56
  11252.667    76.545    26.18   17.47
  11632.490    87.326    28.39   14.47
  12012.208    90.501     8.36   13.03
  12391.820    84.528   -15.74   19.83
  12771.327    74.333   -26.86   21.82
  13150.729    64.808   -25.11   18.21
  13530.025    59.955   -12.79   14.30
  13909.217    57.158    -7.38   11.33
  14288.303    56.781    -0.99    8.15
  14667.285    58.490     4.51    8.41
  15046.162    61.893     8.98   10.25
  15424.934    70.492    22.70   12.42
  15803.602    79.700    24.32   14.33
  16182.165    89.010    24.59   10.81
  16560.624    94.238    13.81   12.10
  16938.979    95.599     3.60   15.53
  17317.229    96.572     2.57   17.39
  17695.375    99.079     6.63   17.51
  18073.417    95.304    -9.99   21.99
  18451.355    83.523   -31.17   23.67
  18829.189    75.157   -22.14   17.34
  19206.919    71.577    -9.48    9.26
  19584.545    72.056     1.27    7.56
  19962.068    75.611     9.42    6.34
  20339.487    78.002     6.33    6.96
  20716.803    77.077    -2.45    8.36
  21094.016    71.407   -15.03   13.95
  21471.125    58.777   -33.49   20.03
  21848.130    42.875   -42.18   20.93
  22225.033    26.041   -44.67   17.76
  22601.833    13.677   -32.81   12.54
  22978.530     5.562   -21.54    5.98
  23355.123     2.364    -8.49    2.20
  23731.614     1.279    -2.88    0.90
  24108.003     1.342     0.17    1.01
  24484.288     1.838     1.32    1.17
  24860.471     2.532     1.84    1.04
  25236.552     3.400     2.31    0.90
  25612.530     3.444     0.12    0.97
  25988.406     3.344    -0.27    1.07
  26364.180     2.994    -0.93    1.15
  26739.852     2.555    -1.17    0.88
  27115.422     2.512    -0.11    0.89
  27490.889     3.025     1.37    1.54
  27866.255     4.569     4.11    2.79
  28241.519     7.738     8.45    5.54
  28616.681    12.479    12.64    9.05
  28991.742    18.652    16.46   10.63
  29366.701    22.591    10.51    8.94
  29741.559    21.520    -2.86    7.80
  30116.315    20.413    -2.95    6.78
  30490.970    21.862     3.87    8.23
  30865.524    27.813    15.89   13.27
  31239.977    35.754    21.21   14.30
  31614.328    41.929    16.50   11.14
  31988.579    45.975    10.81    9.47
  32362.729    47.551     4.21    7.97
  32736.778    49.557     5.36    5.99
  33110.726    51.421     4.98    6.52
  33484.573    54.864     9.21    8.81
  33858.321    63.283    22.53   14.79
  34231.967    73.112    26.31   14.91
  34605.513    80.979    21.06   12.95
  34978.959    85.691    12.62   11.84
  35352.305    90.568    13.06   12.56
  35725.551    96.823    16.76   12.99
  36098.696   106.930    27.09   18.05
  36471.741   117.231    27.61   16.91
  36844.687   123.422    16.60   17.41
  37217.533   123.444     0.06   19.53
  37590.279   119.513   -10.54   19.97
  37962.925   117.715    -4.83   18.43
  38335.472   118.504     2.12   15.68
  38707.919   126.632    21.82   16.75
  39080.267   140.148    36.30   22.02
  39452.516   152.223    32.44   20.14
  39824.665   160.335    21.80   15.81
  40196.715   158.895    -3.87   16.09
  40568.666   153.993   -13.18   15.93
  40940.518   149.643   -11.70   14.76
  41312.271   147.281    -6.35   12.96
  41683.925   145.731    -4.17   11.00
  42055.480   141.574   -11.19   10.02
  42426.937   136.028   -14.93   10.26
  42798.295   128.032   -21.53   11.65
  43169.555   121.184   -18.44   12.33
  43540.716   115.715   -14.73   12.91
  43911.778   113.130    -6.97   13.14
  44282.743   113.762     1.70   12.39
  44653.609   117.179     9.21   11.40
  45024.377   118.331     3.11    9.06
  45395.047   115.254    -8.30    9.50
  45765.619   109.104   -16.60   10.60
  46136.093   102.558   -17.67    9.68
  46506.469    99.778    -7.51    8.94
  46876.747    98.582    -3.23    8.12
  47246.928    97.574    -2.72    6.18
  47617.011    96.051    -4.12    6.16
  47986.997    93.382    -7.21    5.04
  48356.885    92.979    -1.09    4.49
  48726.675    93.299     0.87    4.28
  49096.369    93.796     1.34    3.47
  49465.965    93.496    -0.81    3.49
  49835.464    95.384     5.11    5.35
  50204.866    98.064     7.25    5.44
  50574.171   100.965     7.85    7.55
  50943.380   105.782    13.05   11.21
  51312.491   113.219    20.15   14.58
  51681.506   120.298    19.18   14.26
  52050.424   129.098    23.85   10.37
  52419.245   136.278    19.46   10.89
  52787.970   142.489    16.84   11.04
  53156.598   149.772    19.76   11.61
  53525.130   156.270    17.63   10.95
  53893.566   162.371    16.56    8.68
  54261.905   166.531    11.29    7.30
  54630.148   168.434     5.17    8.13
  54998.296   168.075    -0.97    8.57
  55366.347   164.874    -8.70    9.70
  55734.302   162.096    -7.55    9.37
  56102.162   158.870    -8.77    6.67
  56469.926   158.083    -2.14    4.97
  56837.594   158.180     0.26    4.34
  57205.166   156.554    -4.42    5.74
  57572.643   151.512   -13.72    9.36
  57940.025   145.835   -15.45   11.21
  58307.311   140.648   -14.12   10.59
  58674.502   139.317    -3.63   10.24
  59041.597   139.802     1.32   10.46
  59408.598   145.608    15.82   11.05
  59775.503   154.263    23.59   13.53
  60142.313   160.589    17.25   12.48
  60509.028   164.830    11.56    9.57
  60875.649   164.591    -0.65    9.51
  61242.175   161.395    -8.72   10.59
  61608.606   160.240    -3.15   12.11
  61974.942   155.270   -13.57   14.95
  62341.184   146.247   -24.64   18.87
  62707.331   133.419   -35.03   19.14
  63073.384   121.318   -33.06   15.28
  63439.342   111.876   -25.80   10.52
  63805.207   103.914   -21.76   11.64
  64170.977    97.348   -17.95   13.36
  64536.653    88.566   -24.01   15.47
  64902.235    83.963   -12.59   15.16
  65267.723    83.033    -2.54   12.19
  65633.117    84.130     3.00    9.67
  65998.417    83.723    -1.11    7.91
  66363.623    81.858    -5.11    9.87
  66728.736    76.756   -13.97   15.50
  67093.755    67.279   -25.96   17.72
  67458.681    56.613   -29.23   17.19
  67823.513    46.774   -26.97   14.48
  68188.251    41.347   -14.88   13.16
  68552.897    33.432   -21.71   12.78
  68917.449    25.732   -21.12   11.87
  69281.908    18.017   -21.17   10.22
  69646.274    12.445   -15.29    7.51
  70010.547     8.522   -10.77    5.55
  70374.727     5.660    -7.86    3.86
  70738.814     3.826    -5.04    1.69
  71102.808     3.345    -1.32    1.16
  71466.709     3.140    -0.56    1.04
  71830.518     3.317     0.48    1.23
  72194.234     3.589     0.75    1.27
  72557.858     3.515    -0.20    1.32
  72921.389     3.503    -0.03    1.29
  73284.828     3.582     0.22    1.21
  73648.174     4.659     2.96    3.07
  74011.429     4.945     0.79    3.08
  74382.718     6.948     5.39    4.95
  74765.607    10.489     9.25    6.90
  75148.391    13.579     8.07    7.85
  75531.069    17.258     9.61    6.75
  75913.641    19.975     7.10    5.16
  76296.107    18.465    -3.95    7.29
  76678.467    16.580    -4.93    7.88
  77060.722    14.577    -5.24    8.51
  77442.872    16.255     4.39    9.83
  77824.916    17.955     4.45    9.76
  78206.854    22.022    10.65   12.29
  78588.688    28.542    17.07   14.88
  78970.416    39.280    28.13   17.55
  79352.039    44.778    14.41   16.70
  79733.557    50.500    15.00   16.08
  80114.971    51.215     1.88   15.38
  80496.279    45.715   -14.42   11.76
  80877.483    45.691    -0.06    9.50
  81258.582    45.503    -0.50    9.70
  81639.577    47.113     4.23   10.57
  82020.467    49.723     6.85   10.99
  82401.253    50.836     2.92   12.78
  82781.935    54.271     9.02   13.45
  83162.512    56.973     7.10   13.44
  83542.985    57.504     1.39   12.65
  83923.354    58.556     2.77   11.05
  84303.620    59.513     2.52    8.92
  84683.781    63.424    10.29    9.20
  85063.838    68.362    12.99    9.16
  85443.792    74.821    17.00    9.86
  85823.643    80.951    16.14    9.27
  86203.389    88.505    19.89    9.17
  86583.033    93.077    12.04    7.35
  86962.573    97.345    11.24    6.24
  87342.009    98.993     4.34    6.22
  87721.343    95.941    -8.05    7.37
  88100.573    94.131    -4.77    7.22
  88479.701    90.802    -8.78    6.07
  88858.725    87.827    -7.85    6.77
  89237.647    80.873   -18.35    9.84
  89616.466    78.070    -7.40    9.08
  89995.182    73.993   -10.76    6.65
  90373.795    72.971    -2.70    5.37
  90752.307    71.986    -2.60    5.39
  91130.715    70.025    -5.18    6.78
  91509.021    68.098    -5.09    8.80
  91887.225    66.611    -3.93    9.50
  92265.327    65.858    -1.99    9.11
  92643.327    64.871    -2.61    8.23
  93021.225    64.099    -2.04    7.37
  93399.020    63.054    -2.77    8.35
  93776.714    63.493     1.16    8.26
  94154.306    63.553     0.16    7.28
  94531.797    64.821     3.36    8.56
  94909.186    68.451     9.62   10.04
  95286.473    73.113    12.36   12.21
  95663.659    75.620     6.64   12.91
  96040.743    73.879    -4.62   15.36
  96417.727    67.683   -16.44   15.14
  96794.609    62.523   -13.69   11.22
  97171.390    60.284    -5.94    7.66
  97548.069    64.139    10.23    9.50
  97924.648    64.959     2.18    9.04
  98301.126    64.223    -1.95    9.58
  98677.504    60.611    -9.60   11.26
  99053.780    51.724   -23.62   10.34
  99429.956    43.393   -22.15   10.07
  99806.031    38.951   -11.81    8.63
 100182.006    34.593   -11.59    7.55
 100557.881    31.858    -7.28    4.88
 100933.655    31.967     0.29    5.32
 101309.329    32.803     2.22    6.93
 101684.903    34.798     5.31    8.20
 102060.377    37.553     7.33    8.47
 102435.750    37.515    -0.10    8.04
 102811.024    37.094    -1.12    6.95
 103186.198    34.907    -5.83    6.76
 103561.273    29.796   -13.63   10.35
 103936.247    21.509   -22.10   12.29
 104311.122    16.779   -12.62   10.83
 104685.898    15.929    -2.27   12.38
 105060.574    16.635     1.89   12.48
 105435.150    17.577     2.51   11.38
 105809.628    19.561     5.30   13.18
 106184.006    24.449    13.06   15.03
 106558.285    29.851    14.43   14.22
 106932.465    32.171     6.20   11.05
 107306.547    32.054    -0.31    8.06
 107680.529    33.300     3.33    8.55
 108054.412    34.437     3.04    9.32
 108428.197    35.519     2.89    9.53
 108801.883    36.943     3.81   10.85
 109175.471    36.763    -0.48   11.74
 109548.960    36.219    -1.46   11.63
 109922.350    34.851    -3.66   10.09
 110295.643    33.096    -4.70    7.12
 110668.837    31.553    -4.14    4.53
 111041.933    31.965     1.11    4.18
 111414.931    33.422     3.91    4.00
 111787.830    33.203    -0.59    4.37
 112160.632    33.122    -0.22    4.53
 112533.336    32.889    -0.62    4.10
 112905.942    33.481     1.59    4.49
 113278.451    37.237    10.08    5.33
 113650.862    41.796    12.24    6.49
 114023.175    46.170    11.75    5.48
 114395.391    47.757     4.26    5.09
 114767.509    47.571    -0.50    5.78
 115139.530    47.961     1.05    5.66
 115511.454    49.539     4.24    6.97
 115883.281    51.651     5.68    7.18
 116255.010    53.698     5.51    5.81
 116626.643    54.320     1.67    4.96
 116998.178    54.040    -0.75    3.85
 117369.617    54.059     0.05    3.09
 117740.959    55.651     4.28    3.58
 118112.204    56.020     1.00    3.69
 118483.352    57.008     2.66    3.65
 118854.404    56.309    -1.88    4.14
 119225.360    54.157    -5.80    3.74
 119596.219    53.876    -0.76    3.89
 119966.982    53.174    -1.89    3.72
 120337.648    52.699    -1.28    4.44
 120708.219    52.570    -0.35    4.56
 121078.693    51.325    -3.36    3.29
 121449.071    50.813    -1.38    2.71
 121819.353    50.232    -1.57    3.93
 122189.539    50.040    -0.52    4.67
 122559.630    50.667     1.69    5.09
 122929.624    52.322     4.47    4.94
 123299.523    53.886     4.23    3.24
 123669.327    55.083     3.24    2.94
 124039.035    55.842     2.05    3.39
 124408.647    56.038     0.53    3.45
 124778.164    57.032     2.69    3.07
 125147.586    58.396     3.69    3.07
 125516.913    59.247     2.31    3.07
 125886.144    59.133    -0.31    2.92
 126255.281    60.256     3.04    3.90
 126624.322    61.538     3.47    6.02
 126993.269    61.775     0.64    6.32
 127362.120    63.223     3.93    6.56
 127730.877    62.925    -0.81    6.24
 128099.539    61.672    -3.40    4.50
 128468.107    60.756    -2.48    3.39
 128836.580    59.781    -2.65    2.10
 129204.958    59.382    -1.08    2.66
 129573.242    59.788     1.10    3.03
 129941.432    59.865     0.21    2.79
 130309.527    59.016    -2.31    3.22
 130677.529    57.813    -3.27    3.31
 131045.436    57.103    -1.93    2.84
 131413.249    55.126    -5.37    4.27
 131780.968    52.404    -7.40    6.38
 132148.593    49.365    -8.27    6.54
 132516.124    46.280    -8.39    5.02
 132883.562    44.982    -3.53    3.19
 133250.906    44.467    -1.40    3.85
 133618.156    43.313    -3.14    3.77
 133985.313    42.986    -0.89    3.70
 134352.376    43.104     0.32    4.02
 134719.346    43.868     2.08    4.11
 135086.223    44.908     2.83    4.05
 135453.006    45.431     1.42    4.34
 135819.696    44.674    -2.06    7.47
 136186.293    41.749    -7.98   10.96
 136552.797    40.401    -3.68   11.60
 136919.208    37.576    -7.71   12.68
 137285.526    34.740    -7.74   13.84
 137651.751    30.789   -10.79   14.48
 138017.884    28.107    -7.32   13.44
 138383.924    27.448    -1.80   12.95
 138749.871    30.068     7.16   12.92
 139115.725    32.646     7.05   13.62
 139481.487    33.559     2.50   13.18
 139847.157    33.894     0.91   13.51
 140212.735    33.069    -2.26   13.52
 140578.220    32.414    -1.79   12.28
 140943.613    31.002    -3.86   11.47
 141308.914    30.595    -1.11   10.13
 141674.122    30.292    -0.83    8.66
 142039.239    33.232     8.05    9.29
 142404.264    37.615    12.01    8.24
 142769.197    42.040    12.13    6.29
 143134.038    45.120     8.44    3.98
 143498.788    43.573    -4.24    5.41
 143863.446    41.625    -5.34    7.15
 144228.012    40.211    -3.88    7.27
 144592.487    39.559    -1.79    7.68
 144956.870    38.682    -2.41    7.85
 145321.162    36.101    -7.09    8.44
 145685.363    34.117    -5.45    9.02
 146049.473    33.536    -1.59    9.09
 146413.491    34.145     1.67    8.55
 146777.419    32.406    -4.78    7.95
 147141.255    30.174    -6.13    7.37
 147505.000    28.469    -4.69    8.05
 147868.655    25.497    -8.17    9.57
 148232.218    21.913    -9.86    9.88
 148595.691    17.793   -11.34    8.18
 148959.811    17.390    -1.11    8.81
 149342.550    16.283    -2.89   10.77
 149725.185    14.363    -5.02   10.45
 150107.717    12.223    -5.59    8.80
 150490.145     9.357    -7.50    7.96
 150872.470     7.609    -4.57    6.46
 151254.691     5.956    -4.32    3.67
 151636.809     5.797    -0.42    3.01
 152018.823     7.463     4.36    5.27
 152400.735    11.471    10.49    9.01
 152782.543    14.841     8.83   11.03
 153164.248    17.846     7.87    9.99
 153545.851    19.988     5.61    8.36
 153927.350    22.555     6.73    7.45
 154308.747    27.542    13.07    9.52
 154690.041    33.185    14.80   10.24
 155071.232    39.886    17.58    8.75
 155452.321    44.647    12.49    5.41
 155833.307    47.024     6.24    5.57
 156214.191    47.690     1.75    6.70
 156594.973    46.950    -1.94    7.25
 156975.653    44.765    -5.74    7.77
 157356.230    42.733    -5.34    7.64
 157736.705    40.643    -5.49    5.56
 158117.079    37.931    -7.13    6.52
 158497.350    36.158    -4.66    7.64
 158877.520    33.303    -7.51    8.71
 159257.588    32.550    -1.98    9.37
 159637.555    32.961     1.08   10.43
 160017.420    33.647     1.81   10.58
 160397.183    31.936    -4.50   11.80
 160776.845    30.267    -4.40   11.86
 161156.406    27.010    -8.58   13.00
 161535.865    26.407    -1.59   12.75
 161915.224    24.807    -4.22   13.10
 162294.481    21.840    -7.82   11.88
 162673.637    20.086    -4.63    9.84
 163052.693    18.187    -5.01   10.01
 163431.647    20.601     6.37   12.38
 163810.501    26.150    14.64   17.81
 164189.254    28.932     7.35   21.32
 164567.907    36.278    19.40   23.44
 164946.459    43.269    18.47   24.48
 165324.911    51.294    21.20   22.07
 165703.262    56.475    13.69   17.72
 166081.513    60.766    11.34   11.24
 166459.664    59.973    -2.10    9.92
 166837.715    58.215    -4.65    8.10
 167215.666    57.798    -1.10    7.74
 167593.516    56.285    -4.00    8.38
 167971.267    55.517    -2.03   10.00
 168348.918    48.699   -18.05   13.63
 168726.470    41.085   -20.16   13.64
 169103.922    36.423   -12.35   10.74
 169481.274    35.387    -2.75    9.71
 169858.527    40.224    12.82   10.42
 170235.680    47.112    18.26   12.73
 170612.734    53.574    17.14   11.41
 170989.689    59.057    14.54    9.17
 171366.544    62.665     9.57    7.10
 171743.301    64.455     4.75    4.24
 172119.958    65.898     3.83    3.64
 172496.517    66.329     1.14    4.86
 172872.977    66.409     0.21    5.81
 173249.338    65.842    -1.51    6.03
 173625.600    63.401    -6.49    6.05
 174001.764    61.517    -5.01    4.96
 174377.829    60.334    -3.15    3.82
 174753.795    59.805    -1.41    3.56
 175129.664    59.577    -0.61    4.70
 175505.433    59.232    -0.92    5.16
 175881.105    58.807    -1.13    5.12
 176256.679    59.122     0.84    4.58
 176632.154    60.081     2.55    5.67
 177007.532    60.954     2.32    7.40
 177382.811    61.547     1.58    7.60
 177757.993    62.215     1.78    7.35
 178133.077    63.526     3.49    6.43
