-104015.115   103.986     0.00   15.61
-103651.557   110.076    16.75   13.51
-103288.096   112.797     7.49   11.27
-102924.732   112.479    -0.87   11.15
-102561.464   110.001    -6.82    9.79
-102198.293   106.965    -8.36    9.60
-101835.217   104.258    -7.46    9.49
-101472.238   102.263    -5.50    8.84
-101109.356   100.776    -4.10    6.89
-100746.569    99.641    -3.13    5.10
-100380.324    98.751    -2.43    5.25
 -99996.914    95.031    -9.70    7.91
 -99613.616    90.344   -12.23    8.89
 -99230.430    84.083   -16.34    8.08
 -98847.357    78.986   -13.31    6.63
 -98464.395    74.829   -10.86    7.98
 -98081.545    68.161   -17.42    8.63
 -97698.807    62.694   -14.28    8.57
 -97316.181    56.600   -15.93    8.53
 -96933.666    52.284   -11.28    6.72
 -96551.263    49.788    -6.53    6.85
 -96168.971    47.101    -7.03    7.18
 -95786.791    43.951    -8.24    8.81
 -95404.721    39.359   -12.02    8.93
 -95022.763    37.317    -5.34    8.69
 -94640.916    35.392    -5.04    7.91
 -94259.179    35.450     0.15    6.96
 -93877.554    36.347     2.35    6.27
 -93496.039    33.329    -7.91    7.35
 -93114.635    28.521   -12.61   10.79
 -92733.341    22.174   -16.65   11.90
 -92352.157    15.994   -16.21    8.52
 -91971.084    13.520    -6.49    4.33
 -91590.122    16.029     6.59    5.32
 -91209.269    16.597     1.49    5.20
 -90828.526    15.508    -2.86    5.34
 -90447.893    12.827    -7.04    5.27
 -90067.371    10.125    -7.10    2.78
 -89686.957    10.166     0.11    2.26
 -89306.654    10.708     1.42    2.13
 -88926.460    11.055     0.91    2.66
 -88546.375    11.610     1.46    5.40
 -88166.400    11.986     0.99    6.85
 -87786.534    12.229     0.64    7.33
 -87406.777    13.240     2.66    6.76
 -87027.130    12.483    -1.99    4.99
 -86647.591    12.432    -0.13    3.56
 -86268.161    12.522     0.24    3.04
 -85888.840    12.417    -0.28    1.72
 -85509.627    13.429     2.67    2.26
 -85130.523    13.160    -0.71    3.33
 -84751.528    11.658    -3.96    4.37
 -84372.641     9.857    -4.75    4.36
 -83993.862     7.942    -5.05    2.24
 -83615.192     7.505    -1.16    1.43
 -83236.629     6.802    -1.86    2.04
 -82858.175     5.505    -3.43    2.40
 -82479.829     5.051    -1.20    2.23
 -82101.590     5.508     1.21    2.50
 -81723.459     6.363     2.26    2.57
 -81345.436     7.066     1.86    2.46
 -80967.520     7.385     0.84    2.17
 -80589.712     7.532     0.39    1.76
 -80212.011     7.397    -0.36    2.00
 -79834.418     7.660     0.70    2.22
 -79456.931     7.180    -1.27    2.27
 -79079.552     6.809    -0.98    2.56
 -78702.280     6.942     0.35    2.73
 -78325.114     7.066     0.33    2.21
 -77948.056     7.497     1.14    1.55
 -77571.104     6.972    -1.39    1.50
 -77194.258     6.884    -0.23    1.58
 -76817.520     7.472     1.56    1.71
 -76440.887     8.335     2.29    1.50
 -76064.361     9.600     3.36    1.87
 -75687.942    10.271     1.78    2.19
 -75311.628    10.740     1.25    2.20
 -74935.421    10.152    -1.56    2.28
 -74559.319     9.141    -2.69    2.35
 -74183.324     8.720    -1.12    2.20
 -73807.434     9.677     2.55    2.83
 -73431.650    11.016     3.56    2.93
 -73055.971    13.105     5.56    2.18
 -72680.398    13.809     1.88    1.63
 -72304.931    13.942     0.35    1.56
 -71929.569    13.718    -0.60    2.19
 -71554.312    12.533    -3.16    2.95
 -71179.160    10.882    -4.40    4.85
 -70804.113     8.420    -6.56    5.87
 -70429.171     7.238    -3.15    5.65
 -70054.335     6.279    -2.56    5.93
 -69679.603     5.570    -1.89    5.72
 -69304.975     4.639    -2.49    4.67
 -68930.453     2.622    -5.38    3.45
 -68556.035     2.929     0.82    3.30
 -68181.721     4.257     3.55    3.23
 -67807.512     4.486     0.61    3.15
 -67433.407     4.037    -1.20    3.39
 -67059.406     2.828    -3.23    3.74
 -66685.509     0.855    -5.28    3.50
 -66311.716     1.611     2.02    4.40
 -65938.027     2.943     3.56    4.69
 -65564.442     5.880     7.86    4.59
 -65190.961     8.176     6.15    2.27
 -64817.583     8.509     0.89    1.65
 -64444.309     8.280    -0.61    1.69
 -64071.139     8.392     0.30    2.09
 -63698.072     9.773     3.70    3.21
 -63325.108    11.506     4.64    3.11
 -62952.247    11.776     0.73    3.06
 -62579.489    11.068    -1.90    3.32
 -62206.835    10.173    -2.40    2.85
 -61834.283     9.842    -0.89    2.64
 -61461.835     9.736    -0.28    2.31
 -61089.489     9.128    -1.63    1.70
 -60717.245     7.798    -3.57    2.13
 -60345.105     6.751    -2.81    2.15
 -59973.067     5.426    -3.56    2.67
 -59601.131     4.899    -1.42    2.97
 -59229.297     5.678     2.09    3.70
 -58857.566     6.075     1.07    3.46
 -58485.937     6.238     0.44    2.66
 -58114.411     6.164    -0.20    2.28
 -57742.986     6.146    -0.05    2.67
 -57371.663     6.274     0.35    2.95
 -57000.442     6.668     1.06    2.99
 -56629.322     6.486    -0.49    2.96
 -56258.305     5.863    -1.68    2.53
 -55887.389     7.244     3.72    4.10
 -55516.574    10.032     7.52    5.47
 -55145.861    11.468     3.87    5.39
 -54775.249     9.883    -4.28    7.20
 -54404.738     6.123   -10.15    8.18
 -54034.329     2.327   -10.25    6.94
 -53664.020    -1.050    -9.12    3.22
 -53293.813    -2.006    -2.58    0.09
 -52923.706    -2.014    -0.02    0.00
 -52553.700    -2.014     0.00    0.00
 -52183.795    -2.014     0.00    0.00
 -51813.991    -2.014     0.00    0.00
 -51444.287    -2.014     0.00    0.00
 -51074.683    -2.014     0.00    0.00
 -50705.180    -2.014     0.00    0.00
 -50335.778    -2.014     0.00    0.00
 -49966.475    -2.014     0.00    0.00
 -49597.273    -2.014     0.00    0.00
 -49228.171    -2.014     0.00    0.00
 -48859.168    -2.014     0.00    0.00
 -48490.266    -2.014     0.00    0.00
 -48121.463    -2.014     0.00    0.00
 -47752.761    -2.014     0.00    0.00
 -47384.157    -2.014     0.00    0.00
 -47015.654    -2.014     0.00    0.00
 -46647.249    -1.931     0.22    0.54
 -46278.945     1.068     8.14    6.08
 -45910.739     5.595    12.30    8.09
 -45542.633     7.438     5.01    7.63
 -45174.626     6.252    -3.22    7.39
 -44806.718     2.709    -9.63    6.54
 -44438.909     0.201    -6.82    3.63
 -44071.199     0.595     1.07    2.81
 -43703.587     2.154     4.24    2.61
 -43336.075     3.557     3.82    1.66
 -42968.661     3.915     0.97    1.34
 -42601.346     4.269     0.96    1.93
 -42234.129     5.461     3.24    3.51
 -41867.010     7.363     5.18    5.47
 -41499.990     7.729     1.00    5.25
 -41133.068     8.185     1.24    5.02
 -40766.245     7.629    -1.51    4.85
 -40399.519     6.203    -3.89    3.04
 -40032.892     6.067    -0.37    2.57
 -39666.362     6.866     2.18    3.01
 -39299.930     7.786     2.51    3.85
 -38933.596     7.616    -0.47    4.02
 -38567.360     8.046     1.17    3.84
 -38201.221     8.263     0.59    4.06
 -37835.180     8.819     1.52    4.46
 -37469.236     8.330    -1.34    4.16
 -37103.390     6.364    -5.37    3.61
 -36737.641     4.135    -6.10    2.76
 -36371.989     2.986    -3.14    2.25
 -36006.434     2.268    -1.97    1.58
 -35640.977     2.460     0.53    1.32
 -35275.616     3.089     1.72    1.16
 -34910.352     3.479     1.07    1.05
 -34545.185     3.464    -0.04    1.07
 -34180.115     3.172    -0.80    1.07
 -33815.142     3.061    -0.30    1.18
 -33450.265     2.986    -0.20    1.33
 -33085.484     3.709     1.98    2.26
 -32720.800     5.360     4.53    3.44
 -32356.212     7.674     6.35    4.52
 -31991.721    10.216     6.97    5.35
 -31627.326    12.582     6.49    7.24
 -31263.026    14.171     4.36    9.29
 -30898.823    17.690     9.66    9.41
 -30534.716    19.312     4.46    8.78
 -30170.705    18.752    -1.54    7.53
 -29806.790    17.918    -2.29    6.15
 -29442.970    18.472     1.52    6.29
 -29079.246    19.032     1.54    6.25
 -28715.617    18.836    -0.54    6.77
 -28352.084    17.238    -4.39    7.57
 -27988.646    16.759    -1.32    7.05
 -27625.304    16.269    -1.35    6.31
 -27262.057    17.658     3.82    7.20
 -26898.905    20.527     7.90    5.35
 -26535.849    20.731     0.56    5.80
 -26172.887    18.248    -6.84    8.02
 -25810.020    17.104    -3.15    8.36
 -25431.411    16.746    -0.95    7.95
 -25048.215    16.979     0.61    6.62
 -24665.130    17.053     0.19    5.28
 -24282.156    14.785    -5.92    4.99
 -23899.291    13.223    -4.08    6.51
 -23516.536    11.382    -4.81    7.00
 -23133.892     9.653    -4.52    6.82
 -22751.357     8.553    -2.88    5.84
 -22368.932     8.820     0.70    4.74
 -21986.617     7.553    -3.31    4.12
 -21604.412     6.656    -2.35    4.03
 -21222.315     5.295    -3.56    3.49
 -20840.329     4.883    -1.08    3.36
 -20458.451     4.810    -0.19    3.78
 -20076.683     5.250     1.15    4.27
 -19695.024     5.773     1.37    4.34
 -19313.474     5.039    -1.92    3.94
 -18932.033     5.498     1.20    3.92
 -18550.701     5.402    -0.25    3.24
 -18169.477     5.676     0.72    3.03
 -17788.363     5.746     0.18    3.17
 -17407.356     4.643    -2.90    3.29
 -17026.458     4.446    -0.52    3.19
 -16645.669     4.620     0.46    3.46
 -16264.988     5.594     2.56    3.76
 -15884.415     7.194     4.20    3.67
 -15503.950     8.713     3.99    3.78
 -15123.593     8.638    -0.20    3.63
 -14743.344     7.558    -2.84    4.34
 -14363.203     5.269    -6.02    4.28
 -13983.169     3.505    -4.64    3.42
 -13603.244     2.618    -2.33    2.89
 -13223.425     2.180    -1.15    1.96
 -12843.714     1.864    -0.83    0.99
 -12464.111     1.817    -0.12    0.81
 -12084.615     1.810    -0.02    0.79
 -11705.226     1.880     0.18    0.92
 -11325.944     1.897     0.05    0.90
 -10946.769     1.882    -0.04    0.87
 -10567.701     1.695    -0.49    0.63
 -10188.739     1.690    -0.01    0.66
  -9809.885     1.830     0.37    0.67
  -9431.137     1.979     0.39    0.79
  -9052.495     2.292     0.83    1.01
  -8673.960     3.270     2.58    2.24
  -8295.532     5.263     5.27    3.96
  -7917.209     7.137     4.95    5.06
  -7538.993     9.033     5.01    6.06
  -7160.883     9.906     2.31    6.55
  -6782.879     8.252    -4.38    6.24
  -6404.980     6.506    -4.62    4.75
  -6027.188     5.379    -2.98    2.70
  -5649.501     4.922    -1.21    2.56
  -5271.920     3.957    -2.56    2.72
  -4894.445     2.636    -3.50    2.53
  -4517.074     1.042    -4.22    1.02
  -4139.810     0.621    -1.12    0.92
  -3762.650     0.305    -0.84    0.73
  -3385.596     0.062    -0.64    0.38
  -3008.647    -0.014    -0.20    0.00
  -2631.802     0.002     0.04    0.18
  -2255.063     0.233     0.61    0.77
  -1878.429     0.490     0.68    1.06
  -1501.899     0.717     0.60    1.42
  -1125.474     0.798     0.22    1.58
   -749.153     0.712    -0.23    1.47
   -372.937     0.410    -0.80    1.16
      3.174     0.261    -0.40    0.92
    379.182     0.010    -0.67    0.20
    755.085    -0.014    -0.06    0.00
   1130.884    -0.014     0.00    0.00
   1506.579    -0.014     0.00    0.00
   1882.170    -0.014     0.00    0.00
   2257.657    -0.014     0.00    0.00
   2633.041    -0.014     0.00    0.00
   3008.320    -0.014     0.00    0.00
   3383.497    -0.014     0.00    0.00
   3758.569    -0.014     0.00    0.00
   4133.538    -0.014     0.00    0.00
   4508.404    -0.014     0.00    0.00
   4883.167     0.054     0.18    0.35
   5257.826     0.265     0.56    0.66
   5632.383     0.618     0.94    1.07
   6006.836     1.227     1.63    1.33
   6381.186     1.714     1.30    1.45
   6755.434     2.783     2.86    1.47
   7129.579     3.706     2.47    1.44
   7503.621     4.291     1.56    1.19
   7877.561     4.567     0.74    1.10
   8251.398     4.412    -0.41    1.37
   8625.133     4.272    -0.37    1.47
   8998.765     5.046     2.07    2.94
   9372.296     6.641     4.27    4.12
   9745.724     8.782     5.73    4.63
  10119.050    10.844     5.52    3.48
  10492.274    11.586     1.99    2.17
  10865.396    10.923    -1.78    1.79
  11238.417     9.680    -3.33    2.43
  11611.335     8.746    -2.51    2.67
  11984.152     9.885     3.06    6.10
  12356.868    15.048    13.85   12.62
  12729.482    21.463    17.22   15.84
  13101.995    26.628    13.86   16.17
  13474.406    27.875     3.35   15.08
  13846.716    24.986    -7.76   14.93
  14218.925    18.561   -17.26   14.45
  14591.033    11.838   -18.07   12.25
  14963.040     6.230   -15.07    8.45
  15334.946     2.630    -9.68    3.80
  15706.752     1.244    -3.73    1.21
  16078.456     0.986    -0.69    0.00
  16450.060     0.986     0.00    0.00
  16821.564     0.986     0.00    0.00
  17192.967     0.995     0.02    0.09
  17564.269     1.360     0.98    1.40
  17935.472     1.663     0.82    1.73
  18306.574     2.002     0.91    2.06
  18677.576     2.220     0.59    2.08
  19048.478     2.256     0.10    1.98
  19419.280     2.190    -0.18    1.79
  19789.982     2.425     0.63    2.05
  20160.584     3.033     1.64    2.61
  20531.086     3.109     0.20    2.53
  20901.489     3.062    -0.13    2.54
  21271.793     2.463    -1.62    2.53
  21641.996     1.185    -3.45    0.90
  22012.101     0.986    -0.54    0.00
  22382.106     0.986     0.00    0.00
  22752.012     0.986     0.00    0.00
  23121.819     0.986     0.00    0.00
  23491.526     1.075     0.24    0.51
  23861.135     2.348     3.44    3.86
  24230.645     6.911    12.35   10.54
  24600.055    14.850    21.49   17.51
  24969.368    25.009    27.51   22.55
  25338.581    34.608    26.00   22.54
  25707.696    42.898    22.46   19.98
  26076.712    49.577    18.10   14.98
  26445.630    54.683    13.84   11.53
  26814.450    59.648    13.46   10.39
  27183.171    64.593    13.41    8.57
  27551.794    68.605    10.88    8.40
  27920.319    74.922    17.14   10.68
  28288.746    81.926    19.01   12.48
  28657.075    89.154    19.62   12.77
  29025.306    93.562    11.97   12.26
  29393.440    96.123     6.95   12.23
  29761.475    98.835     7.37   10.96
  30129.413   103.503    12.69   12.52
  30497.254   112.789    25.25   16.08
  30864.997   122.874    27.42   20.07
  31232.642   135.421    34.13   22.64
  31600.191   150.129    40.02   25.24
  31967.642   158.630    23.13   22.59
  32334.996   165.829    19.60   15.55
  32702.252   165.411    -1.14   12.85
  33069.412   158.535   -18.73   12.72
  33436.475   151.809   -18.32   12.28
  33803.441   143.752   -21.96   11.49
  34170.310   135.440   -22.65   11.44
  34537.082   126.986   -23.05   11.93
  34903.758   120.426   -17.89   12.09
  35270.338   116.177   -11.59   13.08
  35636.820   115.688    -1.33   15.46
  36003.207   113.911    -4.85   16.30
  36369.497   111.361    -6.96   14.57
  36735.691   106.003   -14.63    9.41
  37101.789   105.513    -1.34    8.42
  37467.790   106.376     2.36    9.40
  37833.696   109.491     8.51    9.14
  38199.506   114.101    12.60    9.72
  38565.220   116.803     7.39    9.46
  38930.838   116.557    -0.67   11.21
  39296.360   114.744    -4.96   12.98
  39661.787   114.691    -0.15   13.59
  40027.119   117.129     6.67   15.56
  40392.354   125.452    22.79   16.67
  40757.495   130.886    14.88   14.61
  41122.540   133.475     7.09   11.86
  41487.490   125.833   -20.94   21.40
  41852.345   115.453   -28.45   24.46
  42217.104   107.219   -22.57   22.27
  42581.769   103.963    -8.93   16.52
  42946.338   111.464    20.57   21.46
  43310.813   122.916    31.42   21.61
  43675.193   136.637    37.66   18.64
  44039.479   146.620    27.40   20.72
  44403.669   153.932    20.08   22.20
  44767.766   159.696    15.83   24.12
  45131.767   162.821     8.58   21.83
  45495.674   169.963    19.63   18.26
  45859.487   181.478    31.65   15.71
  46223.206   186.796    14.62   18.35
  46586.830   186.139    -1.81   23.25
  46950.361   179.470   -18.34   27.50
  47313.797   164.440   -41.35   27.28
  47677.140   149.782   -40.34   24.32
  48040.388   136.185   -37.43   20.06
  48403.543   127.544   -23.79   20.25
  48766.604   124.177    -9.27   23.33
  49137.277   125.442     3.41   26.04
  49520.350   133.879    22.02   29.84
  49903.315   144.165    26.86   33.39
  50286.172   162.762    48.57   37.21
  50668.920   178.822    41.96   38.23
  51051.561   189.180    27.07   35.19
  51434.093   190.986     4.72   32.04
  51816.518   182.549   -22.06   32.32
  52198.835   163.599   -49.57   31.91
  52581.044   143.117   -53.59   23.41
  52963.146   128.094   -39.32   15.34
  53345.140   115.246   -33.63   13.06
  53727.026   104.201   -28.92   14.95
  54108.806    93.971   -26.79   15.50
  54490.478    82.498   -30.06   14.47
  54872.042    71.963   -27.61   12.24
  55253.500    64.244   -20.23    8.78
  55634.851    60.124   -10.80    5.31
  56016.095    58.325    -4.72    5.90
  56397.232    57.620    -1.85    6.20
  56778.262    56.690    -2.44    5.23
  57159.186    56.757     0.18    4.52
  57540.003    59.421     6.99    3.82
  57920.714    62.817     8.92    4.79
  58301.318    65.663     7.48    4.59
  58681.816    66.924     3.31    4.65
  59062.208    65.681    -3.27    5.10
  59442.494    61.581   -10.78    6.34
  59822.674    56.117   -14.37    8.90
  60202.748    50.596   -14.53   11.04
  60582.716    43.483   -18.72   11.66
  60962.579    38.379   -13.44   10.04
  61342.336    34.624    -9.89    6.31
  61721.987    32.908    -4.52    3.99
  62101.533    31.635    -3.36    4.34
  62480.973    32.565     2.45    7.06
  62860.308    34.964     6.32   10.62
  63239.538    36.806     4.86   12.98
  63618.663    37.299     1.30   12.41
  63997.683    36.111    -3.13   11.21
  64376.597    34.049    -5.44    8.63
  64755.407    32.572    -3.90    4.78
  65134.113    31.141    -3.78    2.66
  65512.713    30.109    -2.73    2.34
  65891.209    29.330    -2.06    2.81
  66269.601    29.722     1.04    3.72
  66647.888    33.694    10.50    8.91
  67026.070    40.620    18.31   12.33
  67404.149    47.811    19.02   11.82
  67782.123    53.862    16.01    9.16
  68159.994    53.097    -2.03    9.78
  68537.760    47.848   -13.89   12.66
  68915.422    40.938   -18.30   12.75
  69292.981    35.080   -15.51    8.41
  69670.436    33.072    -5.32    4.36
  70047.787    32.772    -0.79    2.67
  70425.034    33.547     2.05    2.35
  70802.179    34.725     3.12    2.71
  71179.219    34.658    -0.18    3.88
  71556.157    32.754    -5.05    5.29
  71932.991    29.664    -8.20    5.71
  72309.723    30.769     2.93    7.32
  72686.351    31.553     2.08   10.14
  73062.876    28.486    -8.15   13.92
  73439.298    22.204   -16.69   15.81
  73815.618    14.153   -21.39   12.85
  74191.835     7.684   -17.19    3.22
  74567.949     6.782    -2.40    2.52
  74943.960     9.034     5.99    5.61
  75319.870    13.376    11.55   10.34
  75695.677    18.106    12.59   12.18
  76071.381    21.638     9.40   11.62
  76446.984    25.979    11.56   12.30
  76822.484    27.820     4.90   13.94
  77197.882    32.110    11.43   14.43
  77573.178    36.713    12.26   15.34
  77948.373    40.301     9.56   16.04
  78323.466    41.479     3.14   14.04
  78698.457    44.945     9.24   12.08
  79073.346    47.025     5.55    9.89
  79448.134    43.557    -9.25   11.92
  79822.820    46.245     7.17   14.45
  80197.405    51.147    13.09   15.20
  80571.889    55.232    10.91   17.39
  80946.272    61.388    16.44   16.64
  81320.553    63.325     5.17   18.63
  81694.734    65.311     5.31   18.32
  82068.813    70.211    13.10   19.78
  82442.792    75.096    13.06   22.13
  82816.669    79.874    12.78   20.57
  83190.447    86.112    16.69   15.95
  83564.123    88.946     7.58   13.23
  83937.699    88.415    -1.42   11.30
  84311.175    88.219    -0.52   11.40
  84684.550    87.173    -2.80   12.76
  85057.825    83.436   -10.01   16.91
  85430.999    83.721     0.76   18.94
  85804.074    84.482     2.04   18.56
  86177.048    86.475     5.34   19.40
  86549.923    86.594     0.32   17.95
  86922.697    86.940     0.93   16.35
  87295.372    89.427     6.68   16.16
  87667.947    93.003     9.60   15.30
  88040.422    95.908     7.80   11.08
  88412.798    95.494    -1.11    9.58
  88785.075    96.710     3.27    8.22
  89157.252    98.800     5.62   11.63
  89529.329    98.994     0.52   12.56
  89901.308   103.758    12.81   14.69
  90273.187   108.289    12.18   17.52
  90644.967   118.945    28.66   22.51
  91016.648   125.494    17.62   20.90
  91388.230   129.033     9.52   18.86
  91759.714   133.433    11.84   12.52
  92131.098   132.645    -2.12   12.54
  92502.384   133.815     3.15   14.59
  92873.571   136.704     7.78   18.84
  93244.660   135.330    -3.70   22.52
  93615.650   128.602   -18.13   25.04
  93986.542   119.774   -23.80   24.89
  94357.336   109.175   -28.58   23.59
  94728.031   100.661   -22.97   21.59
  95098.629    91.346   -25.14   19.55
  95469.128    83.900   -20.10   14.58
  95839.529    82.986    -2.47   16.55
  96209.833    86.104     8.42   19.18
  96580.038    90.861    12.85   20.41
  96950.146    94.257     9.17   20.21
  97320.156   101.173    18.69   24.11
  97690.069   111.790    28.70   26.64
  98059.884   124.090    33.26   23.75
  98429.601   129.971    15.91   20.93
  98799.222   129.060    -2.47   21.17
  99168.745   122.290   -18.32   22.22
  99538.170   119.568    -7.37   19.34
  99907.499   116.411    -8.55   15.57
 100276.731   111.776   -12.55   12.47
 100645.865   112.104     0.89   12.04
 101014.903   116.178    11.04   12.26
 101383.844   120.017    10.41   12.48
 101752.688   119.089    -2.52   16.14
 102121.436   116.269    -7.65   20.00
 102490.087   111.674   -12.46   21.78
 102858.641   105.380   -17.08   19.07
 103227.099   103.035    -6.36   17.29
 103595.461   100.219    -7.64   15.11
 103963.726    97.762    -6.67   12.16
 104331.896    98.177     1.13   10.69
 104699.969   103.855    15.42   15.60
 105067.946   115.226    30.90   20.37
 105435.827   129.182    37.93   21.19
 105803.612   142.412    35.97   19.01
 106171.301   152.195    26.61   10.86
 106538.895   153.572     3.75   11.20
 106906.393   152.870    -1.91   13.12
 107273.795   149.920    -8.03   13.34
 107641.102   152.955     8.26   14.16
 108008.314   158.661    15.54   12.47
 108375.430   162.213     9.68   11.63
 108742.450   157.369   -13.20   16.82
 109109.376   148.344   -24.60   21.88
 109476.206   132.986   -41.86   21.17
 109842.941   120.572   -33.85   18.26
 110209.582   109.391   -30.49   15.37
 110576.127    96.995   -33.82   15.74
 110942.578    94.025    -8.10   14.64
 111308.933    94.090     0.18   16.22
 111675.195    98.946    13.26   20.53
 112041.361   102.364     9.33   19.03
 112407.433    96.242   -16.72   21.90
 112773.410    83.714   -34.23   25.20
 113139.293    71.168   -34.29   20.35
 113505.082    63.839   -20.03   11.30
 113870.776    61.562    -6.22    5.55
 114236.377    59.855    -4.67    6.26
 114601.883    57.814    -5.58    8.31
 114967.295    57.703    -0.30    9.53
 115332.613    58.291     1.61   10.14
 115697.838    59.580     3.53    9.92
 116062.968    59.687     0.29    8.87
 116428.005    60.648     2.63    7.53
 116792.948    63.282     7.22    5.79
 117157.797    63.978     1.91    6.08
 117522.553    64.637     1.81    7.08
 117887.216    65.583     2.59    7.03
 118251.785    65.812     0.63    6.55
 118616.261    66.143     0.91    6.07
 118980.643    65.449    -1.90    6.09
 119344.933    63.774    -4.60    5.31
 119709.129    62.002    -4.86    3.80
 120073.233    63.628     4.47    6.21
 120437.243    66.443     7.73    7.85
 120801.160    67.357     2.51    7.62
 121164.985    67.911     1.52    6.93
 121528.717    67.043    -2.39    5.95
 121892.357    66.764    -0.77    5.53
 122255.903    68.020     3.45    5.86
 122619.358    70.027     5.52    5.86
 122982.720    71.223     3.29    5.13
 123345.989    71.436     0.59    6.58
 123709.230    72.427     2.73    7.05
 124092.164    73.482     2.76    5.77
 124474.992    75.301     4.75    5.61
 124857.713    73.090    -5.78    5.81
 125240.329    69.945    -8.22    7.37
 125622.838    69.219    -1.90    7.75
 126005.242    69.514     0.77    7.71
 126387.540    73.073     9.31    7.50
 126769.732    77.378    11.26    5.70
 127151.819    79.426     5.36    5.59
 127533.800    80.719     3.38    7.59
 127915.676    81.354     1.66    8.33
 128297.447    79.098    -5.91   10.57
 128679.112    75.970    -8.19   11.92
 129060.672    71.396   -11.99   12.30
 129442.127    69.185    -5.80   12.36
 129823.477    72.629     9.03   14.72
 130204.722    78.160    14.51   14.17
 130585.863    83.758    14.69   11.41
 130966.898    83.098    -1.73   15.90
 131347.829    77.882   -13.69   20.56
 131728.656    69.108   -23.04   22.56
 132109.378    59.875   -24.25   19.89
 132489.996    55.239   -12.18   18.86
 132870.509    58.089     7.49   18.97
 133250.918    57.561    -1.39   18.10
 133631.223    58.873     3.45   19.23
 134011.424    60.394     4.00   20.36
 134391.521    63.904     9.23   20.11
 134771.514    59.294   -12.13   22.07
 135151.403    52.936   -16.73   20.28
 135531.189    42.232   -28.18   18.37
 135910.871    36.285   -15.66   15.03
 136290.450    35.218    -2.81   14.33
 136669.925    31.914    -8.71   13.27
 137049.297    36.202    11.30   16.36
 137428.565    45.740    25.15   20.74
 137807.730    49.402     9.66   20.61
 138186.793    49.122    -0.74   19.61
 138565.752    44.963   -10.98   17.81
 138944.608    40.377   -12.10   12.60
 139323.361    41.246     2.30   11.47
 139702.012    43.131     4.98   10.20
 140080.560    44.522     3.68    9.03
 140459.005    45.734     3.20    7.98
 140837.348    45.195    -1.43    6.93
 141215.588    44.748    -1.18    6.32
 141593.726    44.709    -0.10    4.83
 141971.762    46.640     5.11    4.84
 142349.696    50.527    10.28    7.31
 142727.527    56.362    15.44    9.16
 143105.257    61.836    14.49    8.98
 143482.884    65.107     8.66    7.91
 143860.410    66.618     4.00    7.28
 144237.834    66.722     0.28    6.21
 144615.156    66.491    -0.61    6.14
 144992.376    65.280    -3.21    5.96
 145369.495    63.783    -3.97    6.71
 145746.513    61.018    -7.33    7.66
 146123.429    57.694    -8.82    8.08
 146500.244    55.743    -5.18    8.74
 146876.958    55.423    -0.85    8.63
 147253.571    54.073    -3.59    9.50
 147630.082    56.764     7.15   10.29
 148006.493    61.732    13.20    8.22
 148382.803    64.145     6.41    7.08
 148759.012    63.442    -1.87    7.85
 149135.120    62.046    -3.71    7.79
 149511.128    62.882     2.22    7.30
 149887.035    61.591    -3.43    6.68
 150262.841    60.141    -3.86    7.54
 150638.548    57.455    -7.15    9.02
 151014.154    53.546   -10.41    9.32
 151389.659    53.018    -1.40    9.89
 151765.065    53.879     2.29   10.91
 152140.370    54.357     1.27   11.89
 152515.576    55.194     2.23   10.43
 152890.681    59.236    10.77   14.34
 153265.687    63.947    12.56   13.98
 153640.593    65.591     4.39   11.35
 154015.399    63.191    -6.40   12.17
 154390.106    65.506     6.18   14.10
 154764.713    75.978    27.95   19.21
 155139.221    85.418    25.21   17.52
 155513.630    88.882     9.25   14.91
 155887.939    87.769    -2.97   13.82
 156262.149    88.704     2.50   13.35
 156636.260    94.354    15.10   15.98
 157010.272   103.704    25.00   15.49
 157384.185   112.883    24.55   10.25
 157757.999   119.705    18.25    8.10
 158131.714   120.610     2.42    8.42
 158505.330   119.537    -2.87    9.68
 158878.848   113.173   -17.04   12.02
 159252.268   104.640   -22.85   13.61
 159625.588    95.334   -24.92   11.67
 159998.811    92.194    -8.41   10.21
 160371.935    93.271     2.88   10.21
 160744.961   101.002    20.72   13.33
 161117.888   107.050    16.22   11.70
 161490.718   108.560     4.05   12.26
 161863.449   105.794    -7.42   13.90
 162236.083   103.661    -5.72   12.53
 162608.619   104.109     1.20   12.22
 162981.057   111.753    20.52   13.53
 163353.397   121.070    25.02   13.70
 163725.640   128.003    18.62   11.35
 164097.785   132.791    12.87   10.81
 164469.832   136.149     9.02   10.06
 164841.782   136.978     2.23    8.50
 165213.635   137.286     0.83    6.20
 165585.391   134.675    -7.02    7.36
 165957.049   129.674   -13.45   10.13
 166328.611   121.882   -20.97   11.27
 166700.075   111.454   -28.07   14.00
 167071.442   101.883   -25.77   13.77
 167442.713    92.027   -26.54   12.93
 167813.887    84.746   -19.61   11.83
 168184.963    75.605   -24.63   12.15
 168555.944    69.667   -16.01   12.51
 168926.828    70.840     3.16   15.74
 169297.615    75.185    11.72   18.37
 169668.306    84.336    24.68   20.70
 170038.900    92.385    21.72   17.99
 170409.399    97.711    14.38   15.63
 170779.801    95.802    -5.15   12.85
 171150.107    91.520   -11.56   13.15
 171520.317    88.157    -9.08   11.99
 171890.431    87.842    -0.85    9.25
 172260.449    88.780     2.53    8.29
 172630.371    88.133    -1.75    8.64
 173000.198    88.458     0.88   11.41
 173369.929    86.228    -6.03   11.81
 173739.564    82.650    -9.68   13.50
 174109.104    80.427    -6.02   14.35
 174478.548    81.109     1.85   13.68
 174847.897    83.236     5.76   13.96
 175217.151    86.099     7.75   10.94
 175586.309    82.547    -9.62   13.97
 175955.373    81.157    -3.77   13.80
 176324.341    77.760    -9.21   12.70
 176693.214    77.186    -1.55    9.78
 177061.993    79.020     4.97    8.89
 177430.676    79.840     2.22    7.87
 177799.265    79.114    -1.97   10.05
 178167.759    76.517    -7.05   11.98
 178536.158    75.889    -1.70   11.49
 178904.463    76.612     1.96   11.07
 179272.674    81.369    12.92   11.15
 179640.790    82.995     4.42   13.33
 180008.811    81.411    -4.30   14.33
 180376.739    81.749     0.92   12.85
 180744.572    84.688     7.99   13.57
 181112.311    91.580    18.74   11.72
 181479.956    96.732    14.01    8.44
 181847.507    99.156     6.59    6.13
 182214.964   101.995     7.73    5.83
 182582.328   107.474    14.91    8.23
 182949.597   112.060    12.48    8.33
 183316.773   114.781     7.41    6.61
 183683.855   115.736     2.60    9.19
 184050.844   114.913    -2.24   10.37
 184417.739   112.102    -7.66   11.69
 184784.541   106.624   -14.93   13.94
 185151.250    97.718   -24.28   16.25
 185517.865    88.236   -25.86   13.33
 185884.387    88.438     0.55   14.07
 186250.816    93.243    13.11   14.60
 186617.152    97.249    10.93   10.80
 186983.395    98.035     2.15    9.36
 187349.545    93.831   -11.48    9.72
 187715.603    92.572    -3.44   12.36
 188081.567    90.339    -6.10   14.63
 188447.439    88.850    -4.07   17.39
 188813.218    87.954    -2.45   19.30
 189178.905    85.270    -7.34   18.92
 189544.499    81.011   -11.65   16.92
 189910.001    76.757   -11.64   16.84
 190275.410    70.096   -18.23   17.81
 190640.728    68.077    -5.52   15.50
 191005.953    67.583    -1.35   12.92
 191371.086    70.516     8.03   10.95
 191736.127    69.167    -3.70   12.30
 192101.076    64.503   -12.78   13.55
 192465.933    60.317   -11.47   15.03
 192830.698    56.862    -9.47   14.35
 193195.371    60.482     9.93   15.41
 193559.953    66.352    16.10   16.32
 193924.443    73.255    18.94   18.32
 194288.841    81.364    22.25   13.38
 194653.148    82.704     3.68   13.37
 195017.364    82.061    -1.77   15.03
 195381.488    79.077    -8.19   15.45
 195745.521    75.153   -10.78   15.81
 196109.463    68.573   -18.08   17.79
 196473.314    58.770   -26.94   18.58
 196837.073    53.342   -14.92   16.53
 197200.742    50.519    -7.76   14.27
 197564.319    51.429     2.50   14.93
 197927.806    55.070    10.02   13.18
 198291.202    56.846     4.89   12.06
 198666.782    54.926    -5.11   12.45
 199049.461    45.133   -25.59   13.00
 199432.035    37.153   -20.86   10.55
 199814.506    32.556   -12.02   10.26
 200196.873    31.097    -3.82   12.07
 200579.137    32.381     3.36   12.82
 200961.297    34.173     4.69   10.96
 201343.353    32.663    -3.95    6.79
