# NaN NaN NaN ;Mean Elev.(m), Avg Gradient(m/km), RMS Gradient(m/km) - SRTM1     
#   16.365  -3.772  23.115 ;Mean Elev.(m), Avg Gradient(m/km), RMS Gradient(m/km) - ASTER GDEM
#    4.285  -3.807  21.129 ;Mean Elev.(m), Avg Gradient(m/km), RMS Gradient(m/km) - GMTED2010 
  8  86.692274  73.136474    11.078    11.078  2 52492.25798328 11.511
 17  86.699690  73.133865   124.913   124.853  3 52807.25802713  9.192
 19  86.692589  73.135779   116.893   116.893  2 52877.25812426  1.958
 20  86.684295  73.139227   113.651   113.651  2 52912.25808234  2.670
 21  86.701959  73.127734    33.542    33.460  3 52947.25804069  4.895
 37  86.687374  73.137679     6.460     6.460  2 53507.25813390  6.082
 38  86.687058  73.138801   116.183   116.183  2 53542.25814098  6.788
 42  86.685751  73.141078    33.787    33.787  2 53682.25810041  3.277
 43  86.682208  73.140295    20.471    20.471  2 53717.25802804  5.530
 49  86.682676  73.137777    56.199    56.199  2 53927.25809741  1.908
 52  86.697925  73.134321    39.201    40.606  3 54032.25807738  5.022
 59  86.688369  73.136221   114.922   114.922  2 54277.25805123  3.184
 60  86.689261  73.137100    49.667    49.667  2 54312.25805180  1.426
 61  86.679923  73.141415     8.708     8.708  2 54347.25802386 17.698
 62  86.697043  73.135198   112.886   116.990  3 54382.25798903  4.341
 63  86.685069  73.140512    45.112    45.131  3 54417.25797312  0.609
 70  86.690738  73.137896   102.484   102.484  2 54662.25799055  4.302
 72  86.696183  73.134297     5.663     5.663  2 54732.25794747 17.104
 80  86.687237  73.138426   106.867   103.557  3 55012.25796825  4.065
 82  86.680086  73.142221    11.289     9.524  3 55082.25793158 16.507
 84  86.688274  73.139621    36.064    36.064  2 55152.25788987  2.498
 87  86.691890  73.134879     0.883     0.883  2 55257.25787580  8.669
 90  86.684743  73.139211   129.990   129.776  3 55362.25785537  2.380
 92  86.689516  73.136631     4.774     4.774  2 55432.25787083 16.643
 93  86.678465  73.142750     7.594     7.717  3 55467.25782934 15.593
