# NaN NaN NaN ;Mean Elev.(m), Avg Gradient(m/km), RMS Gradient(m/km) - SRTM1     
#   -5.026  -0.698  13.830 ;Mean Elev.(m), Avg Gradient(m/km), RMS Gradient(m/km) - ASTER GDEM
#    6.092  -0.383  17.184 ;Mean Elev.(m), Avg Gradient(m/km), RMS Gradient(m/km) - GMTED2010 
  7   114.917 52477.58167334  0.82  91.091884  73.127563  4.526
  7   109.146 52477.58167463  0.91  91.079784  73.133263  4.526
  8   118.045 52512.58161816  1.06  91.092901  73.141447  3.646
  8   115.522 52512.58161880  1.82  91.086851  73.144287  3.646
  8   116.716 52512.58161945  1.51  91.080791  73.147137  3.646
  8   113.526 52512.58162009  2.72  91.074741  73.149987  3.646
  9   105.468 52547.58165312  9.80  91.096308  73.118350  3.622
  9   104.649 52547.58165377  9.79  91.090268  73.121200  3.622
  9   103.821 52547.58165441  8.73  91.084228  73.124050  3.622
  9   102.738 52547.58165506  7.99  91.078178  73.126900  3.622
  9   101.373 52547.58165570  8.46  91.072128  73.129750  3.622
  9    99.501 52547.58165635  7.42  91.066078  73.132600  3.622
 10   105.413 52582.58166145  5.92  91.097647  73.126942  4.152
 10   104.169 52582.58166210  5.03  91.091607  73.129782  4.152
 10   102.989 52582.58166274  4.70  91.085557  73.132642  4.152
 10   101.445 52582.58166339  4.45  91.079507  73.135492  4.152
 10    99.549 52582.58166403  3.97  91.073457  73.138332  4.152
 10    97.670 52582.58166468  3.92  91.067397  73.141182  4.152
 10    95.734 52582.58166532  3.54  91.061347  73.144032  4.152
 11   104.056 52617.58163585  2.21  91.096591  73.135407  3.352
 11   102.230 52617.58163649  1.80  91.090541  73.138257  3.352
 11   100.429 52617.58163714  1.57  91.084491  73.141107  3.352
 11    98.660 52617.58163778  1.70  91.078434  73.143963  2.365
 11    96.686 52617.58163843  1.54  91.072384  73.146813  2.365
 11    94.517 52617.58163907  1.45  91.066324  73.149653  2.365
 12   103.953 52652.58160929  1.17  91.095574  73.128083  2.809
 12   102.768 52652.58160993  0.74  91.089524  73.130923  2.809
 12   102.266 52652.58161058  0.05  91.083474  73.133773  2.809
 12    98.699 52652.58161187  0.04  91.071374  73.139473  2.809
 14    76.116 52722.58165405  4.10  91.097153  73.126748  5.378
 14    77.267 52722.58165469  4.02  91.091103  73.129598  5.378
 14    75.281 52722.58165534  4.01  91.085064  73.132444  3.400
 14    25.572 52722.58165598  4.51  91.079014  73.135304  3.400
 14    23.141 52722.58165663  5.24  91.072964  73.138144  3.400
 14    23.174 52722.58165727  5.77  91.066904  73.140994  3.400
 14    24.666 52722.58165792  5.08  91.060854  73.143844  3.400
 16   105.691 52792.58162671  0.36  91.094435  73.119351  2.778
 16   103.724 52792.58162800  0.11  91.082345  73.125061  2.778
 16   102.412 52792.58162864  0.06  91.076295  73.127901  2.778
 16    99.903 52792.58162929  0.26  91.070255  73.130751  2.778
 16    98.460 52792.58162993  0.03  91.064195  73.133601  2.778
 17    23.736 52827.58169598  9.88  91.088531  73.125141  6.339
 17    24.813 52827.58169662  9.06  91.082491  73.127991  6.339
 17    22.892 52827.58169727  9.42  91.076434  73.130840  8.402
 17    25.927 52827.58169791  9.16  91.070384  73.133690  8.402
 17    27.035 52827.58169856  8.56  91.064334  73.136540  8.402
 18     3.172 52862.58174289 33.63  91.076967  73.133536 20.967
 18     2.718 52862.58174353 27.38  91.070917  73.136386 20.967
 18     3.013 52862.58174418 20.04  91.064867  73.139236 20.967
 19   117.907 52897.58177193  3.49  91.093259  73.132152  5.925
 19   117.485 52897.58177258  2.82  91.087217  73.135002  2.518
 19   117.500 52897.58177322  1.18  91.081167  73.137852  2.518
 20   103.937 52932.58171893 13.84  91.097107  73.137243  6.778
 20   102.338 52932.58171957 13.58  91.091057  73.140093  6.778
 20   100.541 52932.58172022 13.33  91.085005  73.142942  3.341
 20    98.241 52932.58172086 12.73  91.078955  73.145792  3.341
 20    96.431 52932.58172151 12.24  91.072895  73.148642  3.341
 20    94.053 52932.58172215 11.89  91.066845  73.151492  3.341
 21   108.098 52967.58172140  5.23  91.093605  73.122258  3.804
 21   104.078 52967.58172204  4.45  91.087565  73.125108  3.804
 21   103.402 52967.58172269  4.18  91.081515  73.127958  3.804
 21   101.635 52967.58172333  3.74  91.075465  73.130808  3.804
 21   104.763 52967.58172398  3.51  91.069420  73.133654  2.529
 21    98.251 52967.58172462  2.57  91.063360  73.136504  2.529
 22   105.359 53002.58174734  2.84  91.094334  73.127452  3.523
 22   107.490 53002.58174798  2.63  91.088294  73.130302  3.523
 22   102.630 53002.58174862  1.69  91.082246  73.133150  2.351
 22   101.275 53002.58174927  1.43  91.076196  73.136000  2.351
 22    98.856 53002.58174991  1.56  91.070146  73.138850  2.351
 22    97.345 53002.58175056  1.13  91.064096  73.141700  2.351
 23   107.670 53037.58169822  1.86  91.093451  73.137896  2.449
 23   106.248 53037.58169886  0.91  91.087401  73.140746  2.449
 23    99.709 53037.58169951  1.45  91.081351  73.143596  2.449
 23    97.625 53037.58170015  1.31  91.075291  73.146446  2.449
 23    95.323 53037.58170080  1.37  91.069241  73.149296  2.449
 23    93.344 53037.58170144  1.75  91.063181  73.152146  2.449
 24   117.115 53072.58172236  0.52  91.094210  73.129601  2.418
 24   107.988 53072.58172301  0.19  91.088160  73.132451  2.418
 25   107.073 53107.58169963  0.12  91.090943  73.142082  2.217
 25   109.454 53107.58170157  0.05  91.072793  73.150632  2.217
 27   116.867 53177.58175485  4.91  91.092340  73.130254  6.395
 27   116.734 53177.58175549  4.39  91.086290  73.133104  6.395
 27   116.710 53177.58175614  3.88  91.080245  73.135958  2.034
 27   116.710 53177.58175678  3.75  91.074195  73.138808  2.034
 27   116.128 53177.58175743  3.27  91.068135  73.141648  2.034
 27   115.459 53177.58175807  2.57  91.062085  73.144498  2.034
 30   105.682 53282.58173116 12.35  91.096596  73.116975  3.545
 30   104.808 53282.58173181 12.48  91.090556  73.119825  3.545
 30   103.747 53282.58173245 11.66  91.084506  73.122675  3.545
 30   102.851 53282.58173310 11.75  91.078466  73.125525  3.545
 30   101.787 53282.58173374 10.56  91.072416  73.128375  3.545
 30   100.478 53282.58173438 10.54  91.066366  73.131225  3.545
 31   108.276 53317.58173534  4.15  91.095963  73.126563  4.613
 31   104.099 53317.58173598  3.12  91.089923  73.129413  4.613
 31   102.366 53317.58173663  2.84  91.083870  73.132267  2.585
 31   101.268 53317.58173727  2.08  91.077820  73.135117  2.585
 31    99.555 53317.58173792  2.11  91.071770  73.137967  2.585
 31    97.298 53317.58173856  1.78  91.065720  73.140807  2.585
 31    95.138 53317.58173921  1.30  91.059660  73.143657  2.585
 32   103.484 53352.58170297  1.41  91.094837  73.137482  2.569
 32   101.773 53352.58170361  1.24  91.088787  73.140332  2.569
 32   104.935 53352.58170426  1.18  91.082727  73.143182  2.569
 32    97.546 53352.58170490  0.90  91.076677  73.146032  2.569
 32    95.450 53352.58170555  1.41  91.070627  73.148882  2.569
 32    93.142 53352.58170619  1.22  91.064567  73.151732  2.569
 33   105.426 53387.58169273  0.92  91.095871  73.118235  3.023
 33   104.770 53387.58169338  0.35  91.089821  73.121085  3.023
 33   103.739 53387.58169402  0.22  91.083781  73.123935  3.023
 38   105.400 53562.58179531  0.15  91.095322  73.130006  6.719
 38   103.654 53562.58179596  0.08  91.089272  73.132856  6.719
 38   102.249 53562.58179660  2.99  91.083232  73.135706  6.719
 40    76.056 53632.58172777 14.22  91.098052  73.114159  8.108
 40    75.373 53632.58172842 14.14  91.092012  73.117009  8.108
 40   113.136 53632.58172906  3.89  91.085965  73.119857  2.005
 40   113.257 53632.58172971  3.82  91.079925  73.122707  2.005
 40   112.620 53632.58173035  3.64  91.073875  73.125557  2.005
 40   112.507 53632.58173100  2.73  91.067825  73.128407  2.005
 40   112.039 53632.58173164  2.18  91.061775  73.131257  2.005
 41   104.899 53667.58175233  9.71  91.092255  73.126902  3.388
 41   103.523 53667.58175298  9.42  91.086205  73.129752  3.388
 41   102.136 53667.58175362  8.95  91.080165  73.132602  3.388
 41   100.629 53667.58175427  7.67  91.074115  73.135452  3.388
 41    98.301 53667.58175491  7.15  91.068065  73.138302  3.388
 41    96.633 53667.58175556  7.35  91.062005  73.141152  3.388
 42   103.318 53702.58169907  3.49  91.096328  73.134852  2.753
 42   101.395 53702.58169971  3.55  91.090278  73.137702  2.753
 42   100.124 53702.58170036  3.26  91.084228  73.140552  2.753
 42    98.230 53702.58170100  2.87  91.078178  73.143402  2.753
 42    96.108 53702.58170165  2.43  91.072118  73.146252  2.753
 42    94.163 53702.58170229  2.64  91.066068  73.149102  2.753
 42    91.095 53702.58170294  3.05  91.060008  73.151952  2.753
 44   104.896 53772.58161863  0.42  91.093368  73.128968  3.039
 44   102.181 53772.58161927  1.06  91.087318  73.131818  3.039
 44   101.800 53772.58161992  0.37  91.081268  73.134668  3.039
 44   103.040 53772.58162121  0.70  91.069162  73.140365  2.651
 44    96.911 53772.58162185  0.01  91.063112  73.143215  2.651
 48   114.002 53912.58172690  2.95  91.092948  73.124688  5.599
 48   115.436 53912.58172754  2.35  91.086898  73.127538  5.599
 48   115.139 53912.58172819  1.70  91.080848  73.130388  5.599
 48   114.369 53912.58172883  1.58  91.074808  73.133238  5.599
 48   109.348 53912.58172948  1.77  91.068748  73.136090  2.722
 48   113.903 53912.58173012  0.96  91.062698  73.138940  2.722
 49    98.296 53947.58174514  0.02  91.068280  73.140144  6.386
 49    96.291 53947.58174578  1.01  91.062230  73.142994  6.386
 50   107.796 53982.58168606  0.87  91.094830  73.136141  8.051
 50   107.120 53982.58168671  0.02  91.088780  73.138991  8.051
 50    93.924 53982.58168929  1.99  91.064560  73.150395  7.270
 51   105.302 54017.58171112 10.08  91.093199  73.121537  5.792
 51   104.537 54017.58171177 10.27  91.087159  73.124387  5.792
 51   103.520 54017.58171241  9.57  91.081109  73.127237  5.792
 51   101.879 54017.58171306  9.72  91.075059  73.130087  5.792
 51   100.392 54017.58171370  9.21  91.069011  73.132933  4.127
 51    98.941 54017.58171435  7.58  91.062961  73.135783  4.127
 52   104.419 54052.58170810  7.81  91.093415  73.132440  4.207
 52   102.895 54052.58170874  7.24  91.087375  73.135290  4.207
 52   100.919 54052.58170939  7.00  91.081315  73.138140  4.207
 52    99.262 54052.58171003  6.45  91.075265  73.140980  4.207
 52    97.113 54052.58171068  6.38  91.069212  73.143832  3.174
 52    94.981 54052.58171132  6.54  91.063152  73.146682  3.174
 53   104.278 54087.58170039  4.62  91.094021  73.135065  4.120
 53   102.435 54087.58170103  4.48  91.087971  73.137915  4.120
 53   100.717 54087.58170168  4.69  91.081911  73.140765  4.120
 53    99.022 54087.58170232  4.42  91.075868  73.143615  2.628
 53    96.480 54087.58170297  3.73  91.069808  73.146465  2.628
 53    94.342 54087.58170361  4.66  91.063748  73.149315  2.628
 54   111.657 54122.58162625  2.58  91.092917  73.148141  2.507
 54   103.387 54122.58162690  2.91  91.086867  73.150991  2.507
 54   103.152 54122.58162754  2.66  91.080807  73.153841  2.507
 54    92.039 54122.58162818  3.06  91.074747  73.156691  2.507
 55   105.645 54157.58166120  2.13  91.096832  73.128006  3.377
 55   104.294 54157.58166185  1.65  91.090782  73.130856  3.377
 55   102.932 54157.58166249  1.17  91.084732  73.133706  3.377
 55   101.361 54157.58166314  0.69  91.078682  73.136556  3.377
 55    99.556 54157.58166378  0.94  91.072637  73.139406  2.546
 55    97.550 54157.58166443  0.84  91.066577  73.142256  2.546
 55    97.385 54157.58166507  0.85  91.060527  73.145106  2.546
 56   108.458 54192.58162485  1.22  91.093422  73.142908  2.756
 56   109.873 54192.58162550  1.26  91.087362  73.145768  2.756
 56    97.704 54192.58162614  1.68  91.081312  73.148608  2.756
 56    94.547 54192.58162679  1.40  91.075262  73.151458  2.756
 59     2.551 54297.58169739 24.48  91.096590  73.130631 14.887
 59     2.203 54297.58169804 26.26  91.090540  73.133481 14.887
 59     2.093 54297.58169868 30.06  91.084490  73.136331 14.887
 59     2.223 54297.58169933 31.93  91.078450  73.139181 14.887
 59     2.251 54297.58169997 33.63  91.072390  73.142031 14.887
 59     2.294 54297.58170061 36.37  91.066340  73.144881 14.887
 59     2.302 54297.58170126 41.35  91.060280  73.147731 14.887
 60   116.568 54332.58168795  3.42  91.098801  73.133183  3.588
 60   118.790 54332.58168860  0.85  91.092751  73.136043  3.588
 60   118.240 54332.58168924  0.83  91.086701  73.138883  3.588
 60   117.298 54332.58168989  1.32  91.080651  73.141743  3.588
 60   115.960 54332.58169053  0.48  91.074601  73.144583  3.588
 62   102.756 54402.58163063  6.40  91.095800  73.131228  3.592
 62   102.573 54402.58163128  5.35  91.089760  73.134078  3.592
 62   101.243 54402.58163192  5.14  91.083710  73.136928  3.592
 62    99.157 54402.58163257  5.08  91.077660  73.139778  3.592
 62    97.758 54402.58163321  4.76  91.071600  73.142618  3.592
 62    95.154 54402.58163385  4.80  91.065550  73.145468  3.592
 62    93.027 54402.58163450  4.20  91.059490  73.148318  3.592
 63   103.238 54437.58158843  1.62  91.097727  73.135615  3.165
 63   101.859 54437.58158908  1.16  91.091677  73.138465  3.165
 63   100.094 54437.58158972  1.19  91.085627  73.141305  3.165
 63    98.721 54437.58159037  0.87  91.079577  73.144165  3.165
 63    96.325 54437.58159101  0.53  91.073527  73.147005  3.165
 63    93.837 54437.58159166  1.01  91.067467  73.149855  3.165
 67    99.281 54577.58160281  0.37  91.096423  73.140103  2.169
 67   100.974 54577.58160346  0.10  91.090373  73.142953  2.169
 67    95.918 54577.58160475  0.14  91.078263  73.148653  2.169
 67    94.574 54577.58160539  0.19  91.072213  73.151503  2.169
 69   103.790 54647.58162809  9.94  91.095217  73.129276  2.398
 69   116.046 54647.58162874  4.86  91.089167  73.132126  2.398
 69   116.609 54647.58162938  2.65  91.083117  73.134976  2.398
 69   116.346 54647.58163003  2.67  91.077067  73.137826  2.398
 69   115.384 54647.58163067  2.38  91.071017  73.140676  2.398
 69   114.761 54647.58163132  1.59  91.064957  73.143526  2.398
 70    97.302 54682.58163213  0.10  91.068947  73.145150  4.491
 70    94.797 54682.58163277  0.65  91.062897  73.148000  4.491
 71     3.178 54717.58157845 20.42  91.096182  73.140255 10.516
 71     3.595 54717.58157910 17.90  91.090132  73.143105 10.516
 71     3.635 54717.58157974 19.80  91.084072  73.145955 10.516
 71     3.547 54717.58158038 22.14  91.078022  73.148805 10.516
 71     3.844 54717.58158103 24.01  91.071972  73.151655 10.516
 72   103.336 54752.58160045 11.05  91.094940  73.125929  3.937
 72   101.851 54752.58160109 11.41  91.088890  73.128779  3.937
 72   101.769 54752.58160174 10.10  91.082850  73.131629  3.937
 72   100.245 54752.58160238  9.94  91.076800  73.134479  3.937
 72    97.967 54752.58160303  9.41  91.070750  73.137329  3.937
 72    96.573 54752.58160367  9.22  91.064690  73.140179  3.937
 73   104.292 54787.58156786  2.58  91.098165  73.135480  2.511
 73   102.715 54787.58156850  2.29  91.092115  73.138330  2.511
 73   100.980 54787.58156915  2.73  91.086065  73.141180  2.511
 73    99.197 54787.58156979  1.65  91.080015  73.144030  2.511
 73    96.843 54787.58157044  1.82  91.073955  73.146880  2.511
 73    94.779 54787.58157108  1.92  91.067905  73.149730  2.511
 79   117.644 54997.58161835  2.47  91.093823  73.129720  1.927
 79   117.897 54997.58161900  2.26  91.087773  73.132570  1.927
 79   117.700 54997.58161964  1.16  91.081723  73.135420  1.927
 79   117.754 54997.58162029  0.52  91.075673  73.138270  1.927
 79   117.028 54997.58162093  0.31  91.069623  73.141120  1.927
 79   117.005 54997.58162157  0.09  91.063563  73.143970  1.927
 80     3.509 55032.58160793 16.90  91.095846  73.130306  7.713
 80     3.572 55032.58160857 15.89  91.089796  73.133156  7.713
 80     5.750 55032.58160922 13.49  91.083746  73.136006  7.713
 80    20.029 55032.58160986 11.34  91.077696  73.138856  7.713
 80    21.841 55032.58161051 10.58  91.071646  73.141706  7.713
 80    21.940 55032.58161115 11.88  91.065586  73.144556  7.713
 80    21.557 55032.58161180 13.53  91.059536  73.147406  7.713
 81     1.617 55067.58159754 52.43  91.093868  73.135902 31.338
 81     2.349 55067.58159818 51.30  91.087818  73.138752 31.338
 81     1.481 55067.58159883 51.66  91.081768  73.141602 31.338
 81     1.305 55067.58159947 53.14  91.075708  73.144452 31.338
 81     1.410 55067.58160012 49.62  91.069658  73.147302 31.338
 81     1.440 55067.58160076 47.91  91.063598  73.150152 31.338
 83   105.476 55137.58154248  8.85  91.096009  73.127237  3.168
 83   104.278 55137.58154312  7.35  91.089969  73.130087  3.168
 83   102.991 55137.58154377  7.27  91.083919  73.132937  3.168
 83   101.481 55137.58154441  6.60  91.077869  73.135787  3.168
 83    99.082 55137.58154505  6.51  91.071819  73.138637  3.168
 83    97.392 55137.58154570  5.80  91.065759  73.141487  3.168
 83   102.853 55137.58154634  5.43  91.059709  73.144337  3.168
 84   102.684 55172.58150605  5.35  91.092396  73.139304  2.954
 84   100.869 55172.58150669  4.49  91.086346  73.142154  2.954
 84    98.922 55172.58150734  4.71  91.080296  73.145004  2.954
 84    96.415 55172.58150798  5.24  91.074246  73.147854  2.954
 84    94.047 55172.58150863  4.46  91.068186  73.150704  2.954
 85   105.808 55207.58153653  4.90  91.095573  73.125857  2.910
 85   104.585 55207.58153717  4.89  91.089523  73.128707  2.910
 85   103.431 55207.58153782  4.31  91.083483  73.131557  2.910
 85   101.643 55207.58153846  3.00  91.077433  73.134407  2.910
 85   100.236 55207.58153911  2.57  91.071373  73.137257  2.910
 85    98.016 55207.58153975  3.02  91.065323  73.140107  2.910
 86   107.742 55242.58151069  2.51  91.095669  73.139876  2.445
 86   101.762 55242.58151134  2.60  91.089619  73.142726  2.445
 86   109.085 55242.58151198  2.16  91.083569  73.145576  2.445
 86    97.515 55242.58151262  2.30  91.077509  73.148426  2.445
 86    95.277 55242.58151327  2.26  91.071459  73.151276  2.445
 87   105.151 55277.58153153  2.51  91.095961  73.132598  2.581
 87   102.251 55277.58153282  1.79  91.083871  73.138298  2.581
 87   105.898 55277.58153347  1.08  91.077821  73.141148  2.581
 87    98.645 55277.58153411  1.10  91.071761  73.143998  2.581
 87    96.099 55277.58153476  0.77  91.065711  73.146848  2.581
 87    99.110 55277.58153540  1.16  91.059651  73.149698  2.581
 88   107.080 55312.58149602  0.95  91.096644  73.138676  2.148
 88   107.478 55312.58149667  0.72  91.090594  73.141526  2.148
 88   108.466 55312.58149731  0.30  91.084544  73.144376  2.148
 88   109.227 55312.58149796  0.30  91.078484  73.147226  2.148
 88   109.407 55312.58149860  0.30  91.072434  73.150076  2.148
 89   105.320 55347.58150144  3.18  91.096949  73.131527  2.375
 89   104.470 55347.58150208  1.61  91.090899  73.134377  2.375
 89   102.584 55347.58150273  1.91  91.084859  73.137227  2.375
 90   118.625 55382.58149252  1.96  91.098249  73.132414  2.611
 90   118.881 55382.58149316  1.38  91.092199  73.135264  2.611
 90   118.863 55382.58149381  0.10  91.086149  73.138114  2.611
 90   118.250 55382.58149445  1.56  91.080099  73.140964  2.611
 91     2.821 55417.58151946 50.39  91.096772  73.125023 35.946
 91     3.237 55417.58152011 51.49  91.090722  73.127873 35.946
 91     2.834 55417.58152075 50.87  91.084672  73.130723 35.946
 91     2.698 55417.58152140 51.66  91.078622  73.133573 35.946
 91     2.651 55417.58152204 52.77  91.072572  73.136423 35.946
 91     2.709 55417.58152269 52.56  91.066522  73.139273 35.946
 91     2.570 55417.58152333 52.57  91.060472  73.142123 35.946
 92   119.981 55452.58150272  1.41  91.097630  73.135691  1.930
 92   120.202 55452.58150336  0.54  91.091580  73.138541  1.930
 92   119.435 55452.58150401  0.35  91.085530  73.141391  1.930
 93   105.542 55487.58142637 11.52  91.091793  73.144736  3.546
 93    99.145 55487.58142702 11.02  91.085743  73.147586  3.546
 93   101.608 55487.58142766 10.80  91.079683  73.150436  3.546
