# NaN NaN NaN ;Mean Elev.(m), Avg Gradient(m/km), RMS Gradient(m/km) - SRTM1     
#  -13.252  -6.404  12.938 ;Mean Elev.(m), Avg Gradient(m/km), RMS Gradient(m/km) - ASTER GDEM
#    4.151  -2.223  11.734 ;Mean Elev.(m), Avg Gradient(m/km), RMS Gradient(m/km) - GMTED2010 
  8  86.965498  72.930989    64.863    67.323  4 52508.25604617  5.171
 13  86.969158  72.930328    80.542    80.542  2 52683.25600476  0.257
 14  86.978091  72.931018    51.894    67.714  3 52718.25606065  3.367
 16  87.005979  72.933759    61.624    61.624  2 52788.25603041  0.111
 17  86.991974  72.930656     4.283     4.517  3 52823.25610283 15.414
 19  86.969011  72.930453    21.541    21.524  4 52893.25618179 23.526
 21  87.000727  72.930969    50.787    48.748  3 52963.25610983  2.641
 27  86.982252  72.932737    50.003    50.508  3 53173.25616386 13.150
 28  86.967818  72.930492     0.639     0.622  4 53208.25618041 16.391
 29  86.965124  72.930618    -0.430    -0.409  5 53243.25614812 29.335
 38  86.967757  72.933480    63.105    63.105  2 53558.25620172 12.333
 39  86.967170  72.932325    62.515    68.288  3 53593.25613926  2.301
 40  86.997961  72.931277    50.071    48.369  3 53628.25612988  5.147
 41  86.975716  72.930730    68.409    69.637  3 53663.25615535  1.204
 44  86.990742  72.932203    72.114    73.155  3 53768.25601872  0.567
 45  86.965380  72.932782    76.468    74.816  4 53803.25601726  0.915
 46  86.996235  72.931230    73.004    73.420  4 53838.25603204  0.627
 48  86.977114  72.931246    39.893    42.570  4 53908.25612453  6.746
 49  86.961608  72.930379     0.693     0.674  5 53943.25614992 17.020
 50  86.952533  72.930278     0.004    -0.053  5 53978.25610165 27.147
 51  87.003922  72.931380     0.250     0.253  3 54013.25610981 46.583
 57  86.982561  72.931620    85.487    85.643  4 54223.25607552  2.957
 58  86.974729  72.931471    53.404    54.035  3 54258.25609740  0.652
 59  86.977643  72.931727     2.813     2.887  4 54293.25610014 13.482
 60  86.970728  72.932167     3.442     2.978  4 54328.25609542 16.613
 61  86.948783  72.930829     0.788     0.714  4 54363.25604431 17.919
 62  86.977641  72.929676    26.515    22.116  4 54398.25603555  7.345
 68  86.975254  72.931201    80.660    80.807  4 54608.25602636  0.401
 69  86.977411  72.934950    51.279    51.279  2 54643.25603417 13.110
 70  86.971033  72.930471     1.941     1.998  4 54678.25603679 16.616
 71  86.950747  72.929652    65.840    69.971  5 54713.25599043  4.485
 72  86.982425  72.932051    62.003    65.512  4 54748.25600545  6.841
 75  86.965507  72.931210    75.714    75.231  5 54853.25597400  1.970
 76  86.974784  72.931853    73.671    70.136  3 54888.25600296  1.690
 77  86.948056  72.931831    78.088    81.396  3 54923.25597449  0.700
 79  86.968755  72.930115    51.779    50.541  4 54993.25602272  8.223
 80  86.967235  72.930490     4.140     4.381  4 55028.25601303 13.860
 81  86.968148  72.929887    70.478    69.138  4 55063.25600513  1.910
 82  86.947769  72.932115     0.250     0.220  4 55098.25595181 18.010
 83  86.977512  72.929926    53.168    53.168  2 55133.25594885  7.410
 89  86.972674  72.929852    84.833    84.922  4 55343.25590431  2.309
 90  86.962953  72.930308    63.749    63.364  4 55378.25589893  2.789
 91  86.987752  72.933450     1.743     1.366  3 55413.25592204 22.780
 92  86.968198  72.931597    53.209    55.733  4 55448.25591220  8.537
