# NaN NaN NaN ;Mean Elev.(m), Avg Gradient(m/km), RMS Gradient(m/km) - SRTM1     
#  -13.252  -6.404  12.938 ;Mean Elev.(m), Avg Gradient(m/km), RMS Gradient(m/km) - ASTER GDEM
#    4.151  -2.223  11.734 ;Mean Elev.(m), Avg Gradient(m/km), RMS Gradient(m/km) - GMTED2010 
  8    51.343 52508.25604520  6.61  86.974368  72.935284  3.535
  8    63.333 52508.25604585  4.29  86.968458  72.932424  3.535
  8    71.312 52508.25604649  4.66  86.962538  72.929554  3.535
  8    73.465 52508.25604714  4.72  86.956628  72.926694  3.535
 13    74.231 52683.25600379  0.50  86.978029  72.934619  1.852
 13    86.853 52683.25600572  0.00  86.960287  72.926037  1.834
 14     1.182 52718.25606000  4.23  86.984008  72.933878  4.244
 14    67.714 52718.25606065  4.35  86.978088  72.931018  4.244
 14    86.785 52718.25606129  0.58  86.972178  72.928158  4.244
 16    59.743 52788.25603008  0.21  87.008939  72.935189  2.079
 16    63.506 52788.25603073  0.01  87.003019  72.932329  2.079
 17     3.602 52823.25610219 16.80  86.997891  72.933516  7.640
 17     4.517 52823.25610283 15.22  86.991971  72.930656  7.640
 17     4.729 52823.25610348 13.66  86.986061  72.927796  7.640
 19    22.736 52893.25618082 22.63  86.977886  72.934751  5.865
 19    20.380 52893.25618147 24.77  86.971966  72.931881  5.865
 19    21.174 52893.25618211 23.47  86.966056  72.929021  5.865
 19    21.874 52893.25618276 22.91  86.960136  72.926161  5.865
 21    47.948 52963.25610897  1.27  87.008617  72.934782  2.884
 21    48.748 52963.25610961  2.01  87.002697  72.931922  2.884
 21    55.664 52963.25611090  4.12  86.990867  72.926202  2.884
 27    51.522 53173.25616322 10.69  86.988172  72.935600  3.489
 27    50.508 53173.25616386 12.70  86.982252  72.932740  3.489
 27    47.978 53173.25616450 15.00  86.976332  72.929870  3.489
 28     0.569 53208.25617944 18.23  86.976687  72.934791  6.644
 28     0.746 53208.25618009 16.18  86.970777  72.931921  6.644
 28     0.675 53208.25618073 15.94  86.964857  72.929061  6.644
 28     0.565 53208.25618137 14.31  86.958950  72.926197  3.847
 29     0.113 53243.25614683 28.03  86.976953  72.936340 10.159
 29     0.099 53243.25614748 30.32  86.971043  72.933480 10.159
 29     0.239 53243.25614812 28.35  86.965123  72.930620 10.159
 29    -0.917 53243.25614877 29.10  86.959212  72.927754 10.630
 29    -1.684 53243.25614941 30.34  86.953302  72.924894 10.630
 38    54.493 53558.25620140 12.80  86.970717  72.934915  3.529
 38    71.718 53558.25620205 11.81  86.964797  72.932045  3.529
 39    47.540 53593.25613862  3.01  86.973080  72.935192  3.277
 39    68.288 53593.25613926  2.78  86.967170  72.932322  3.277
 39    71.716 53593.25613991  0.79  86.961260  72.929462  3.277
 40    48.369 53628.25612924  5.96  87.003881  72.934137  5.867
 40    47.574 53628.25612988  4.87  86.997961  72.931277  5.867
 40    54.272 53628.25613053  4.47  86.992041  72.928417  5.867
 41    62.427 53663.25615427  1.77  86.985579  72.935503  2.627
 41    69.637 53663.25615556  0.90  86.973739  72.929773  2.627
 41    73.162 53663.25615620  0.88  86.967829  72.926913  2.627
 44    65.090 53768.25601808  0.64  86.996662  72.935063  1.753
 44    78.098 53768.25601872  0.58  86.990742  72.932203  1.753
 44    73.155 53768.25601937  0.48  86.984822  72.929343  1.753
 45    72.498 53803.25601630  1.35  86.974248  72.937077  1.857
 45    72.714 53803.25601694  0.97  86.968338  72.934217  1.857
 45    76.917 53803.25601759  0.73  86.962428  72.931347  1.857
 45    83.743 53803.25601823  0.57  86.956508  72.928487  1.857
 46    64.108 53838.25603108  0.80  87.005113  72.935528  1.732
 46    67.229 53838.25603172  0.86  86.999193  72.932658  1.732
 46    79.611 53838.25603237  0.57  86.993273  72.929798  1.732
 46    81.069 53838.25603301  0.25  86.987363  72.926938  1.732
 48    27.213 53908.25612357  9.69  86.985992  72.935544  4.779
 48    42.142 53908.25612421  6.88  86.980072  72.932674  4.779
 48    42.999 53908.25612486  4.26  86.974152  72.929814  4.779
 48    47.218 53908.25612550  3.13  86.968242  72.926954  4.779
 49     0.788 53943.25614863 20.61  86.973437  72.936104  5.810
 49     0.597 53943.25614927 15.90  86.967527  72.933244  5.810
 49     0.337 53943.25614992 16.50  86.961607  72.930384  5.810
 49     0.750 53943.25615056 14.88  86.955697  72.927514  5.810
 49     0.991 53943.25615121 13.49  86.949787  72.924654  5.810
 50     0.152 53978.25610036 32.18  86.964362  72.936003  9.757
 50    -0.091 53978.25610101 25.29  86.958452  72.933143  9.757
 50    -0.236 53978.25610165 23.05  86.952532  72.930283  9.757
 50    -0.017 53978.25610229 22.65  86.946622  72.927413  9.757
 50     0.211 53978.25610294 23.35  86.940712  72.924553  9.757
 51     0.253 54013.25610916 48.26  87.009842  72.934240 17.466
 51     0.338 54013.25610981 47.96  87.003922  72.931380 17.466
 51     0.159 54013.25611045 38.51  86.998002  72.928520 17.466
 57    82.450 54223.25607455  3.36  86.991439  72.935910  2.086
 57    84.785 54223.25607519  3.32  86.985519  72.933050  2.086
 57    86.501 54223.25607584  2.91  86.979599  72.930190  2.086
 57    88.210 54223.25607648  2.13  86.973689  72.927330  2.086
 58    51.581 54258.25609676  0.64  86.980642  72.934331  2.364
 58    54.035 54258.25609740  0.50  86.974732  72.931471  2.364
 58    54.595 54258.25609805  0.81  86.968812  72.928611  2.364
 59     3.364 54293.25609917 14.50  86.986521  72.936017  5.523
 59     2.112 54293.25609982 12.46  86.980601  72.933157  5.523
 59     3.329 54293.25610046 11.44  86.974681  72.930297  5.523
 59     2.445 54293.25610110 14.69  86.968771  72.927437  5.523
 60     6.010 54328.25609445 15.88  86.979598  72.936457  5.426
 60     1.800 54328.25609510 17.40  86.973688  72.933597  5.426
 60     3.325 54328.25609574 16.64  86.967768  72.930737  5.426
 60     2.631 54328.25609639 16.39  86.961858  72.927877  5.426
 61     0.583 54363.25604335 14.92  86.957656  72.935119  8.034
 61     0.607 54363.25604399 13.58  86.951736  72.932259  8.034
 61     1.142 54363.25604464 13.36  86.945826  72.929399  8.034
 61     0.822 54363.25604528 22.36  86.939916  72.926539  8.034
 62    22.189 54398.25603458  5.90  86.986514  72.933966  3.119
 62    22.043 54398.25603523  7.93  86.980594  72.931106  3.119
 62    21.790 54398.25603587  9.25  86.974684  72.928246  3.119
 62    40.036 54398.25603652  5.04  86.968774  72.925386  3.119
 68    74.341 54608.25602539  0.53  86.984130  72.935495  1.556
 68    79.207 54608.25602604  0.26  86.978210  72.932635  1.556
 68    82.407 54608.25602668  0.34  86.972293  72.929767  1.848
 68    86.683 54608.25602733  0.47  86.966383  72.926907  1.848
 69    51.757 54643.25603384 13.17  86.980366  72.936380  4.433
 69    50.801 54643.25603449 13.05  86.974456  72.933520  4.433
 70     1.568 54678.25603582 17.46  86.979909  72.934761  6.260
 70     1.178 54678.25603646 16.78  86.973989  72.931901  6.260
 70     2.589 54678.25603711 15.76  86.968078  72.929041  4.411
 70     2.428 54678.25603775 16.28  86.962158  72.926181  4.411
 71    61.276 54713.25598914  3.03  86.962566  72.935374  3.889
 71    62.623 54713.25598979  3.93  86.956656  72.932514  3.889
 71    70.995 54713.25599043  2.95  86.950746  72.929654  3.889
 71    55.586 54713.25599108  6.47  86.944839  72.926788  8.234
 71    78.718 54713.25599172  4.99  86.938929  72.923928  8.234
 72    46.622 54748.25600448  8.10  86.991303  72.936341  4.046
 72    62.861 54748.25600513  7.24  86.985383  72.933481  4.046
 72    68.164 54748.25600577  4.16  86.979463  72.930621  4.046
 72    70.367 54748.25600642  6.96  86.973553  72.927761  4.046
 75    65.254 54853.25597271  2.60  86.977334  72.936932  1.987
 75    69.673 54853.25597336  2.16  86.971414  72.934072  1.987
 75    73.435 54853.25597400  1.77  86.965504  72.931212  1.987
 75    83.865 54853.25597465  2.00  86.959596  72.928347  1.890
 75    86.344 54853.25597529  1.20  86.953686  72.925487  1.890
 76    65.086 54888.25600210  1.90  86.982673  72.935668  2.023
 76    70.136 54888.25600275  1.66  86.976754  72.932806  1.892
 76    85.792 54888.25600404  1.50  86.964924  72.927086  1.892
 77    69.249 54923.25597342  1.03  86.957904  72.936599  1.859
 77    81.396 54923.25597471  0.57  86.946087  72.930877  1.610
 77    83.618 54923.25597535  0.48  86.940177  72.928017  1.610
 79    50.879 54993.25602175 10.07  86.977625  72.934409  4.892
 79    50.203 54993.25602240  7.70  86.971712  72.931543  9.272
 79    48.830 54993.25602304  7.75  86.965802  72.928683  9.272
 79    57.203 54993.25602369  6.59  86.959882  72.925823  9.272
 80     4.903 55028.25601206 13.94  86.976104  72.934779  6.392
 80     4.455 55028.25601271 13.88  86.970195  72.931920  4.351
 80     4.307 55028.25601335 13.51  86.964275  72.929060  4.351
 80     2.897 55028.25601400 14.09  86.958365  72.926200  4.351
 81    67.514 55063.25600416  1.10  86.977015  72.934179  3.398
 81    67.856 55063.25600480  2.05  86.971105  72.931319  3.398
 81    70.420 55063.25600545  2.63  86.965191  72.928456  7.467
 81    76.124 55063.25600609  1.72  86.959281  72.925596  7.467
 82     0.123 55098.25595084 17.63  86.956642  72.936407  4.336
 82     0.149 55098.25595148 17.59  86.950722  72.933547  4.336
 82     0.291 55098.25595213 15.86  86.944812  72.930687  4.336
 82     0.437 55098.25595277 19.96  86.938901  72.927820  6.811
 83    48.337 55133.25594789  7.38  86.986387  72.934217  3.509
 83    57.998 55133.25594982  7.44  86.968637  72.925636  3.549
 89    80.758 55343.25590334  3.34  86.981546  72.934143  2.264
 89    84.566 55343.25590399  2.52  86.975626  72.931283  2.264
 89    85.277 55343.25590463  2.56  86.969716  72.928423  2.264
 89    88.730 55343.25590528  0.25  86.963808  72.925560  2.485
 90    52.299 55378.25589796  3.06  86.971824  72.934599  3.678
 90    55.315 55378.25589860  2.56  86.965913  72.931738  8.263
 90    71.413 55378.25589925  2.32  86.959993  72.928878  8.263
 90    75.967 55378.25589989  3.16  86.954083  72.926018  8.263
 91     1.336 55413.25592139 24.69  86.993673  72.936311  7.904
 91     1.366 55413.25592204 21.82  86.987753  72.933451  7.904
 91     2.526 55413.25592268 20.88  86.981831  72.930588  4.816
 92    61.098 55448.25591107  3.19  86.978549  72.936602  4.743
 92    50.367 55448.25591172  4.66  86.972629  72.933742  4.743
 92    69.068 55448.25591236  4.69  86.966719  72.930882  4.743
 92    32.301 55448.25591365 13.14  86.954893  72.925163 10.550
