# NaN NaN NaN ;Mean Elev.(m), Avg Gradient(m/km), RMS Gradient(m/km) - SRTM1     
#  -10.758  -4.622  15.282 ;Mean Elev.(m), Avg Gradient(m/km), RMS Gradient(m/km) - ASTER GDEM
#    5.055  -4.083  15.956 ;Mean Elev.(m), Avg Gradient(m/km), RMS Gradient(m/km) - GMTED2010 
  8  87.178845  72.944473    43.234    43.234  2 52486.59359032  0.893
 17  87.150544  72.943345    66.982    66.987  3 52801.59358376  1.983
 18  87.155224  72.945804     4.854     4.854  2 52836.59365018 17.903
 19  87.172261  72.942275    21.614    21.614  2 52871.59368971 20.665
 20  87.176700  72.946066    47.541    45.759  3 52906.59368413  2.703
 21  87.154589  72.942327     0.803     0.803  2 52941.59361449 27.107
 23  87.172338  72.944949     0.082     0.203  3 53011.59366756 16.307
 24  87.155809  72.943228     0.187     0.222  3 53046.59363318 11.576
 25  87.169992  72.945310     0.709     0.752  3 53081.59366761 11.347
 26  87.151450  72.943889     6.830     0.611  3 53116.59363840  8.605
 27  87.162806  72.944122    67.571    67.333  3 53151.59368647  2.133
 28  87.173744  72.944960    64.515    64.466  4 53186.59367257  5.882
 30  87.181005  72.947214     1.500     1.497  4 53256.59367452 23.531
 32  87.173157  72.946905    14.936    14.936  2 53326.59366395 14.160
 33  87.182466  72.948147     1.258     1.254  4 53361.59362081 12.438
 34  87.157494  72.943590     0.725     0.690  4 53396.59364104 10.697
 35  87.179971  72.949074     0.762     0.795  4 53431.59363322 10.722
 36  87.154512  72.943196     1.125     0.911  4 53466.59366556  9.139
 37  87.165110  72.944651     0.420     0.268  4 53501.59372119  8.065
 38  87.173022  72.946370    55.700    51.461  3 53536.59371217  9.532
 39  87.171463  72.944862     5.301     5.593  3 53571.59371841 19.183
 40  87.183436  72.950154     5.171     5.405  4 53606.59366734 18.504
 41  87.148401  72.944955    19.643     7.667  3 53641.59366767 14.454
 42  87.166148  72.944357     0.562     0.541  4 53676.59368629 19.421
 48  87.170226  72.947561    63.868    63.817  3 53886.59360245  0.643
 49  87.157292  72.945594    11.665    11.665  2 53921.59367353 13.968
 51  87.141175  72.945311     0.561     0.290  3 53991.59359080 29.956
 53  87.172708  72.947377     0.367     0.327  3 54061.59364855 17.957
 54  87.184331  72.947631     0.669     0.585  4 54096.59362052 13.451
 55  87.148516  72.945389    11.564    11.564  2 54131.59357039  8.451
 56  87.177852  72.946282     0.818     0.617  3 54166.59359303 10.093
 58  87.160730  72.947627    63.673    63.673  2 54236.59360970  0.450
 59  87.173292  72.945284    45.542    45.620  4 54271.59362921  3.717
 60  87.169194  72.944778     9.518     9.518  2 54306.59363165 20.710
 61  87.178632  72.948084    16.338    16.338  2 54341.59361295 15.335
 63  87.172994  72.945278     0.303     0.278  3 54411.59355947 18.288
 64  87.156821  72.942241    35.244    35.244  2 54446.59353094  4.581
 66  87.155779  72.944118     0.528     0.455  3 54516.59354535 10.317
 67  87.178386  72.947542     0.507     0.583  4 54551.59356447  9.892
 68  87.165979  72.944803     2.184     0.859  3 54586.59354096  8.935
 69  87.172161  72.944460    66.989    67.148  4 54621.59355941  2.714
 70  87.170080  72.944942    25.303    25.216  3 54656.59356942 21.340
 71  87.174403  72.946720     4.371     4.570  3 54691.59355382 15.615
 72  87.158401  72.943765    19.484    18.955  4 54726.59352138 12.565
 74  87.149193  72.944119    55.314    48.677  3 54796.59351493  0.608
 75  87.170104  72.945757    64.956    65.092  4 54831.59353148  0.490
 76  87.156067  72.943755    67.774    67.737  4 54866.59351005  1.739
 77  87.176390  72.946683    63.762    63.993  4 54901.59353014  0.396
 80  87.175732  72.942884    38.342    38.342  2 55006.59355098  2.314
 82  87.180866  72.945436    50.846    50.319  3 55076.59352026  2.791
 83  87.160577  72.944565    61.097    65.318  3 55111.59347256  2.634
 84  87.171849  72.944737     0.800     0.746  3 55146.59347420 22.231
 86  87.173088  72.946488     1.456     1.527  3 55216.59346897 13.498
 87  87.161726  72.943282     0.550     0.603  3 55251.59344750 14.590
 88  87.179398  72.946617     0.631     0.591  4 55286.59346255 11.580
 89  87.169848  72.945369    48.068    46.525  3 55321.59343727  2.343
 90  87.171326  72.945835    58.370    58.410  4 55356.59343714  9.328
 92  87.169185  72.945747    44.237    44.406  3 55426.59345379  4.538
 93  87.182271  72.947302     1.570     0.454  4 55461.59342021 21.041
