# NaN NaN NaN ;Mean Elev.(m), Avg Gradient(m/km), RMS Gradient(m/km) - SRTM1     
#  -10.000  -1.385   3.411 ;Mean Elev.(m), Avg Gradient(m/km), RMS Gradient(m/km) - ASTER GDEM
#    5.184  -0.666   9.899 ;Mean Elev.(m), Avg Gradient(m/km), RMS Gradient(m/km) - GMTED2010 
  7  90.820981  73.254230     7.014     7.014  2 52477.58170203 23.965
 10  90.826756  73.253598     4.519     4.566  4 52582.58169014 16.257
 11  90.847062  73.252126     5.415     6.278  7 52617.58166228 11.028
 12  90.827661  73.253308     4.221     4.434  3 52652.58163766 10.311
 13  90.856050  73.249889     5.727     5.321  5 52687.58163420  8.897
 14  90.826266  73.253412     6.974     6.974  2 52722.58168274  8.200
 15  90.833475  73.252799     4.556     3.829  5 52757.58170447  7.189
 19  90.828418  73.255976     3.088     3.193  4 52897.58179998 28.244
 20  90.859800  73.248275    10.202    11.743  5 52932.58174407 31.007
 22  90.823482  73.254120     6.758     6.758  2 53002.58177602 12.065
 23  90.849992  73.251767     5.871     5.589  7 53037.58172401 11.008
 24  90.829406  73.253417     3.691     3.508  4 53072.58175040  9.397
 25  90.862735  73.248841     5.523     5.054  6 53107.58172381  9.250
 28  90.827179  73.254016     1.981     1.961  4 53212.58180308 27.511
 29  90.845481  73.252458     0.879     0.749  6 53247.58177116 43.123
 31  90.825056  73.253219     6.813     6.813  2 53317.58176403 18.961
 32  90.851334  73.251348     5.562     6.269  7 53352.58172875 14.954
 34  90.838919  73.253245     4.077     3.300  6 53422.58172359 10.457
 37  90.832357  73.254390     0.947     0.937  6 53527.58179416 37.387
 38  90.830554  73.253832     7.458     7.898  4 53562.58182336 20.955
 39  90.856378  73.249627     5.611     5.313  5 53597.58176180 23.255
 42  90.846747  73.251563     4.907     4.506  7 53702.58172550 14.474
 44  90.825444  73.254193     3.121     3.081  3 53772.58164699 10.973
 49  90.824656  73.254001     1.693     1.731  3 53947.58177092 30.164
 50  90.845253  73.252857     1.505     1.801  5 53982.58171250 31.197
 52  90.834625  73.253399     7.050     6.778  6 54052.58173550 17.918
 53  90.841375  73.253191     5.766     6.460  6 54087.58172714 14.185
 54  90.889097  73.243528     7.292     7.136  6 54122.58164785 10.071
 55  90.828989  73.253251     5.227     4.479  3 54157.58168957 10.110
 56  90.871308  73.246826     6.930     7.017  6 54192.58164838  8.929
 57  90.824830  73.253386     7.765     7.765  2 54227.58170160 10.529
 58  90.825933  73.253535     2.197     2.195  3 54262.58172063 49.084
 59  90.831772  73.254455     3.103     2.174  6 54297.58172543 27.200
 60  90.843151  73.252747     4.239     2.992  5 54332.58171503 23.616
 62  90.834030  73.253621     2.318     2.346  5 54402.58165835 18.835
 63  90.848181  73.252326     4.518     4.473  7 54437.58161487 10.376
 65  90.862458  73.248788     5.031     5.039  5 54507.58162511  8.029
 66  90.833325  73.253147     4.764     4.445  5 54542.58165815  7.687
 67  90.865176  73.248287     9.405     9.012  5 54577.58162731  7.636
 68  90.831236  73.254107    10.868    11.005  5 54612.58164932  7.076
 70  90.840526  73.251883     2.200     2.189  6 54682.58165630 26.387
 71  90.864923  73.248438     2.611     0.811  5 54717.58160295 26.242
 73  90.848621  73.252191     4.828     3.935  7 54787.58159429 12.481
 75  90.849916  73.251926     8.788     8.757  7 54857.58159018  9.183
 76  90.834279  73.253549     8.249     7.188  6 54892.58162608  8.556
 77  90.864879  73.248414    10.104    10.058  6 54927.58158727  7.065
 78  90.824184  73.253772     5.649     4.844  3 54962.58162576  7.301
 80  90.834099  73.252704     5.629     6.936  5 55032.58163565 22.905
 81  90.847329  73.251192     1.242     1.233  6 55067.58162365 47.895
 83  90.825108  73.253895     1.894     1.894  2 55137.58157116 27.410
 84  90.858072  73.248904     3.559     3.383  6 55172.58153087 20.405
 86  90.864432  73.248055     4.608     4.341  5 55242.58153519 13.974
 87  90.837249  73.253572     6.575     6.840  6 55277.58155893 13.161
 88  90.862347  73.248281     7.430     7.813  6 55312.58152084 11.208
 89  90.835177  73.253925    12.056     9.290  5 55347.58152916 12.002
 90  90.830361  73.257655     9.237     9.329  3 55382.58152088 20.797
 92  90.841943  73.255250     3.564     3.421  5 55452.58152980 27.481
 93  90.869643  73.248644     3.137     1.381  4 55487.58144990 33.137
