-121787.242   221.571     0.00    8.23
-121418.960   223.925     6.39    7.79
-121050.777   224.659     1.99    7.25
-120682.694   224.960     0.82    7.35
-120314.709   223.754    -3.28   10.01
-119946.824   222.146    -4.37   12.75
-119579.037   218.222   -10.67   17.19
-119211.349   212.099   -16.65   21.01
-118843.759   203.251   -24.07   22.42
-118476.269   188.468   -40.23   12.76
-118108.876   181.688   -18.46    7.93
-117741.583   181.227    -1.25   11.83
-117374.387   182.391     3.17   14.56
-117007.290   184.252     5.07   13.67
-116640.291   184.923     1.83   11.80
-116273.390   186.539     4.40   12.25
-115906.587   193.368    18.62   19.21
-115539.882   200.813    20.30   22.94
-115173.275   205.879    13.82   19.77
-114806.766   207.107     3.35   14.74
-114440.354   206.393    -1.95   13.64
-114074.041   202.909    -9.51   15.24
-113707.824   191.159   -32.09   18.60
-113341.705   178.188   -35.43   25.05
-112975.684   169.131   -24.75   23.36
-112609.760   159.397   -26.60   15.84
-112243.933   152.151   -19.81    8.72
-111878.203   146.975   -14.15   12.43
-111512.570   137.303   -26.45   17.12
-111147.034   123.158   -38.70   18.95
-110781.595   109.665   -36.92   17.60
-110416.253   101.311   -22.87   13.32
-110051.008    97.849    -9.48   10.49
-109685.860    96.938    -2.50    9.84
-109320.808    96.153    -2.15    9.93
-108955.852    93.764    -6.55   10.40
-108590.993    92.805    -2.63   12.96
-108226.230    90.449    -6.46   14.56
-107861.564    89.691    -2.08   16.35
-107496.994    90.496     2.21   18.02
-107132.520    92.776     6.26   19.04
-106768.142    95.765     8.20   18.78
-106403.860    97.579     4.98   17.02
-106039.674    98.702     3.09   15.09
-105675.584    95.140    -9.78   14.21
-105311.589    93.200    -5.33   16.63
-104947.690    89.805    -9.33   18.54
-104583.887    82.553   -19.93   18.66
-104220.179    75.865   -18.39   18.54
-103856.567    67.685   -22.50   16.60
-103493.050    64.232    -9.50   13.16
-103129.628    64.965     2.02   11.24
-102766.302    68.554     9.88   10.58
-102403.070    74.055    15.15    9.66
-102039.934    77.932    10.68    8.03
-101676.893    79.570     4.51    7.05
-101313.946    81.553     5.46    7.60
-100946.520    83.305     4.77    7.31
-100563.266    84.980     4.37    6.46
-100180.121    84.058    -2.41    5.81
 -99797.087    80.477    -9.35    8.35
 -99414.163    74.879   -14.62   10.68
 -99031.349    70.957   -10.25    9.04
 -98648.644    72.572     4.22   12.34
 -98266.050    80.577    20.92   16.10
 -97883.565    91.123    27.57   16.54
 -97501.190    99.449    21.78   12.62
 -97118.924   101.531     5.45   10.97
 -96736.767    95.857   -14.85   15.35
 -96354.720    83.983   -31.08   17.27
 -95972.782    72.488   -30.10   15.26
 -95590.953    61.946   -27.61   12.07
 -95209.234    54.334   -19.94   10.90
 -94827.623    48.263   -15.91   10.45
 -94446.120    45.085    -8.33    9.67
 -94064.727    42.536    -6.68    9.13
 -93683.442    37.239   -13.89   11.02
 -93302.266    30.499   -17.68   11.56
 -92921.198    22.425   -21.19   10.12
 -92540.239    16.021   -16.81    5.67
 -92159.388    14.933    -2.86    4.10
 -91778.645    15.013     0.21    3.84
 -91398.010    18.072     8.03    5.75
 -91017.483    21.167     8.13    6.70
 -90637.064    23.872     7.11    9.42
 -90256.752    25.596     4.53   10.33
 -89876.549    25.704     0.29    9.99
 -89496.453    27.902     5.78   10.52
 -89116.464    32.457    11.99   13.79
 -88736.583    36.148     9.72   16.77
 -88356.809    39.034     7.60   19.01
 -87977.143    37.872    -3.06   19.14
 -87597.584    36.835    -2.73   14.92
 -87218.131    37.972     3.00   11.59
 -86838.786    44.620    17.53   13.00
 -86459.548    53.484    23.37   15.92
 -86080.416    64.249    28.40   15.59
 -85701.391    77.451    34.83   13.48
 -85322.473    89.266    31.18   14.26
 -84943.661   102.987    36.22   17.19
 -84564.955   116.096    34.62   18.66
 -84186.356   125.566    25.01   15.52
 -83807.863   125.819     0.67   18.28
 -83429.477   118.894   -18.30   22.91
 -83051.196   108.180   -28.32   23.14
 -82673.021   104.185   -10.56   20.99
 -82294.953   104.513     0.87   20.64
 -81916.990   110.380    15.52   18.20
 -81539.132   111.669     3.41   14.20
 -81161.381   108.169    -9.26   12.47
 -80783.734   100.931   -19.17   11.21
 -80406.194    98.069    -7.58    8.80
 -80028.758   100.219     5.70   10.25
 -79651.428   106.612    16.95   11.58
 -79274.203   113.327    17.80    8.46
 -78897.083   117.491    11.04    5.45
 -78520.068   120.738     8.61    5.64
 -78143.158   124.696    10.50    6.64
 -77766.353   128.045     8.89    6.03
 -77389.653   129.742     4.50    5.72
 -77013.057   127.180    -6.80    9.31
 -76636.565   121.731   -14.47   11.86
 -76260.179   117.636   -10.88   11.19
 -75883.896   111.417   -16.53   11.46
 -75507.718   104.067   -19.54   13.22
 -75131.644    93.945   -26.92   12.88
 -74755.674    82.834   -29.55   11.52
 -74379.808    74.566   -22.00    9.20
 -74004.046    67.188   -19.64    7.08
 -73628.388    61.549   -15.01    6.76
 -73252.834    57.414   -11.01    5.29
 -72877.383    53.980    -9.15    4.36
 -72502.036    48.729   -13.99    8.93
 -72126.792    42.566   -16.43   11.15
 -71751.652    35.383   -19.15    9.68
 -71376.615    28.909   -17.26    5.26
 -71001.682    24.802   -10.96    5.54
 -70626.851    20.334   -11.92    5.88
 -70252.124    17.052    -8.76    3.28
 -69877.500    16.513    -1.44    2.74
 -69502.978    16.577     0.17    3.06
 -69128.559    17.167     1.58    2.75
 -68754.243    17.116    -0.14    2.39
 -68380.030    18.488     3.67    5.11
 -68005.919    21.643     8.43    7.28
 -67631.911    25.834    11.21    8.84
 -67258.005    29.743    10.45    7.86
 -66884.201    33.204     9.26    4.97
 -66510.500    33.646     1.18    3.30
 -66136.901    34.133     1.30    2.67
 -65763.403    34.652     1.39    2.86
 -65390.008    36.541     5.06    3.89
 -65016.715    39.124     6.92    3.10
 -64643.523    40.043     2.46    2.53
 -64270.433    40.516     1.27    2.45
 -63897.445    41.133     1.65    3.21
 -63524.558    43.417     6.13    5.66
 -63151.773    45.759     6.28    7.31
 -62779.089    45.357    -1.08    9.13
 -62406.506    43.007    -6.31   10.67
 -62034.025    42.395    -1.64   10.43
 -61661.644    42.841     1.20    7.41
 -61289.365    44.145     3.50    9.54
 -60917.187    42.819    -3.56   12.21
 -60545.109    38.361   -11.98   13.20
 -60173.132    31.630   -18.10   11.76
 -59801.256    23.712   -21.29   11.84
 -59429.481    17.365   -17.07   10.64
 -59057.806    13.797    -9.60    9.21
 -58686.232    10.689    -8.36    9.09
 -58314.758     9.388    -3.50    8.83
 -57943.384     6.518    -7.73    7.40
 -57572.110     3.303    -8.66    4.50
 -57200.937     3.565     0.70    4.30
 -56829.864     4.887     3.56    4.97
 -56458.890     6.107     3.29    5.22
 -56088.017     8.557     6.61    5.68
 -55717.243    10.789     6.02    6.55
 -55346.569    13.599     7.58    9.19
 -54975.995    21.864    22.30   14.98
 -54605.520    30.065    22.13   15.30
 -54235.145    40.745    28.84   12.49
 -53864.869    46.221    14.79   10.48
 -53494.692    45.758    -1.25   11.60
 -53124.614    41.561   -11.34   15.63
 -52754.636    33.887   -20.74   16.45
 -52384.757    28.887   -13.52   12.71
 -52014.977    22.898   -16.20   11.36
 -51645.295    17.567   -14.42   11.65
 -51275.713    14.935    -7.12   10.32
 -50906.229    16.397     3.96   10.60
 -50536.844    18.643     6.08   10.06
 -50167.558    18.291    -0.95   10.63
 -49798.370    17.256    -2.81   10.82
 -49429.280    18.413     3.14   10.95
 -49060.289    17.895    -1.40   11.31
 -48691.396    19.834     5.25   10.51
 -48322.601    22.043     5.99   10.47
 -47953.905    24.065     5.48   10.16
 -47585.306    27.912    10.44    8.63
 -47216.805    29.534     4.40    7.13
 -46848.402    30.749     3.30    9.17
 -46480.097    34.657    10.61   11.96
 -46111.890    39.667    13.61   14.20
 -45743.780    43.834    11.32   14.52
 -45375.768    43.265    -1.55   14.03
 -45007.853    40.443    -7.67   14.24
 -44640.036    35.719   -12.84   12.42
 -44272.316    28.679   -19.15   10.14
 -43904.693    22.223   -17.56    9.67
 -43537.168    16.623   -15.24    8.49
 -43169.739    13.134    -9.50    7.69
 -42802.408     9.842    -8.96    6.28
 -42435.173     8.037    -4.92    5.16
 -42068.036     7.588    -1.22    5.05
 -41700.995     7.919     0.90    5.37
 -41334.050     9.819     5.18    6.86
 -40967.203    13.742    10.69    6.99
 -40600.452    17.429    10.06    6.45
 -40233.797    20.412     8.13    5.86
 -39867.239    20.772     0.98    5.81
 -39500.777    21.880     3.02    5.31
 -39134.411    21.365    -1.40    6.43
 -38768.142    18.190    -8.67    7.80
 -38401.968    18.139    -0.14    6.88
 -38035.891    18.786     1.77    6.64
 -37669.909    19.626     2.30    6.07
 -37304.023    18.743    -2.41    6.32
 -36938.233    16.726    -5.51    6.59
 -36572.539    14.624    -5.75    5.81
 -36206.940    14.811     0.51    6.30
 -35841.437    14.226    -1.60    6.74
 -35476.029    12.657    -4.29    7.37
 -35110.717    10.399    -6.18    7.48
 -34745.500     7.059    -9.15    4.64
 -34380.378     5.769    -3.53    2.82
 -34015.352     5.865     0.26    2.76
 -33650.420     5.591    -0.75    2.81
 -33285.584     6.353     2.09    4.18
 -32920.842     8.767     6.62    7.29
 -32556.196    14.252    15.04   11.52
 -32191.644    21.881    20.93   12.52
 -31827.186    29.082    19.76   10.79
 -31462.824    34.508    14.89    8.10
 -31098.556    39.890    14.77    9.52
 -30734.382    48.842    24.58   13.73
 -30370.303    51.449     7.16   13.87
 -30006.318    49.349    -5.77   15.63
 -29642.428    43.254   -16.75   14.03
 -29278.631    40.607    -7.28   11.36
 -28914.929    46.890    17.28   16.96
 -28551.321    59.780    35.45   19.10
 -28187.807    73.357    37.35   16.05
 -27824.386    83.732    28.55   12.61
 -27461.060    88.201    12.30   12.54
 -27097.827    90.552     6.47   12.66
 -26734.688    90.508    -0.12   12.31
 -26371.642    87.897    -7.19   12.16
 -25991.528    80.376   -19.79   14.83
 -25608.507    73.180   -18.79   12.10
 -25225.593    73.101    -0.21   12.33
 -24842.788    73.724     1.63   12.15
 -24460.091    73.865     0.37   11.71
 -24077.501    69.765   -10.72   12.05
 -23695.020    65.061   -12.30   11.50
 -23312.645    64.804    -0.67   11.08
 -22930.379    68.857    10.60   10.19
 -22548.220    74.414    14.54    8.81
 -22166.168    76.152     4.55    7.16
 -21784.224    75.579    -1.50    9.50
 -21402.387    71.611   -10.39   13.12
 -21020.657    65.156   -16.91   16.30
 -20639.034    59.503   -14.81   18.54
 -20257.518    58.051    -3.81   15.87
 -19876.109    59.637     4.16   11.06
 -19494.806    63.223     9.41    8.04
 -19113.610    65.717     6.54    7.45
 -18732.521    69.124     8.94   10.15
 -18351.539    70.755     4.28   12.07
 -17970.662    71.474     1.89   12.95
 -17589.892    73.695     5.83   11.76
 -17209.229    76.208     6.60   11.39
 -16828.671    75.071    -2.99   10.22
 -16448.219    73.081    -5.23    9.96
 -16067.874    66.006   -18.60   12.13
 -15687.634    57.017   -23.64   10.60
 -15307.500    50.308   -17.65    9.13
 -14927.472    46.474   -10.09    8.49
 -14547.549    43.540    -7.72   10.95
 -14167.732    37.113   -16.92   13.84
 -13788.020    29.578   -19.84   14.08
 -13408.414    21.973   -20.03    7.89
 -13028.913    20.603    -3.61    6.51
 -12649.517    21.897     3.41    6.77
 -12270.226    24.632     7.21    5.81
 -11891.040    26.665     5.36    4.84
 -11511.959    28.703     5.38    4.12
 -11132.983    31.442     7.23    5.39
 -10754.111    35.065     9.56    6.20
 -10375.344    39.974    12.96    6.83
  -9996.682    41.966     5.26    5.71
  -9618.124    44.134     5.73    5.51
  -9239.671    44.988     2.26    5.93
  -8861.321    44.802    -0.49    6.29
  -8483.076    46.928     5.62    5.14
  -8104.936    48.051     2.97    3.73
  -7726.899    47.015    -2.74    4.37
  -7348.966    43.819    -8.46    5.82
  -6971.137    39.574   -11.24    6.42
  -6593.412    33.951   -14.89    8.76
  -6215.790    28.552   -14.30    8.95
  -5838.272    25.091    -9.17    8.10
  -5460.858    24.513    -1.53    7.38
  -5083.547    26.597     5.52    7.52
  -4706.339    33.006    16.99    9.95
  -4329.234    41.177    21.67   11.39
  -3952.233    47.824    17.63    8.63
  -3575.335    48.185     0.96    8.75
  -3198.540    43.611   -12.14   11.83
  -2821.848    38.985   -12.28   11.39
  -2445.258    35.601    -8.99   10.67
  -2068.772    32.262    -8.87   11.34
  -1692.388    25.896   -16.91   14.53
  -1316.106    18.138   -20.62   15.67
   -939.927     8.448   -25.76   10.24
   -563.851     2.749   -15.15    5.10
   -187.877     0.318    -6.47    1.54
    187.995     0.353     0.09    2.00
    563.765     4.167    10.15   10.55
    939.433    14.074    26.37   20.78
   1314.998    29.111    40.04   25.67
   1690.462    40.445    30.19   22.31
   2065.824    47.540    18.90   13.61
   2441.084    45.121    -6.45   12.28
   2816.243    40.321   -12.79    9.94
   3191.300    37.756    -6.84    7.31
   3566.255    38.306     1.47    6.71
   3941.109    41.858     9.47    8.53
   4315.862    47.074    13.92    9.48
   4690.513    52.706    15.03    8.77
   5065.064    61.023    22.20    7.68
   5439.513    66.288    14.06    6.96
   5813.861    71.766    14.63    5.94
   6188.108    75.381     9.66    4.05
   6562.255    75.302    -0.21    4.33
   6936.301    72.641    -7.11    6.06
   7310.246    69.584    -8.18    6.87
   7684.090    63.113   -17.31    7.63
   8057.834    55.119   -21.39   10.92
   8431.478    47.240   -21.09   12.37
   8805.021    39.939   -19.54    7.70
   9178.464    42.787     7.63   11.02
   9551.807    53.492    28.67   18.76
   9925.049    70.059    44.39   21.06
  10298.192    86.810    44.89   20.20
  10671.235   102.313    41.56   17.37
  11044.177   115.865    36.34   13.27
  11417.020   125.741    26.49   10.89
  11789.764   133.566    20.99    7.48
  12162.407   136.443     7.72    5.22
  12534.952   133.513    -7.86    9.11
  12907.396   126.030   -20.09   12.53
  13279.742   117.593   -22.66   11.26
  13651.988   109.529   -21.66    8.72
  14024.135   100.706   -23.71   11.23
  14396.182    92.701   -21.52   12.62
  14768.131    83.883   -23.71   10.01
  15139.981    76.881   -18.83    6.10
  15511.732    70.945   -15.97    7.63
  15883.384    63.649   -19.63   10.83
  16254.937    56.318   -19.73    9.41
  16626.391    54.322    -5.37    6.89
  16997.747    57.721     9.15    9.14
  17369.005    64.694    18.78   11.28
  17740.164    72.589    21.27    9.51
  18111.225    79.724    19.23    7.79
  18482.187    85.584    15.79    8.01
  18853.051    89.824    11.43    9.66
  19223.818    95.897    16.38   11.51
  19594.486   103.605    20.80   13.80
  19965.056   110.702    19.15   14.59
  20335.528   119.503    23.76   12.42
  20705.903   124.440    13.33    8.95
  21076.180   125.462     2.76    6.77
  21446.359   124.465    -2.69    6.90
  21816.440   122.043    -6.54    6.73
  22186.424   119.385    -7.18    7.05
  22556.311   116.603    -7.52    8.27
  22926.101   112.891   -10.04    9.96
  23295.793   108.927   -10.72    8.45
  23665.388   108.873    -0.15    8.90
  24034.886   111.191     6.27    8.93
  24404.287   114.123     7.94    7.23
  24773.590   117.204     8.34    6.85
  25142.798   119.480     6.17    6.78
  25511.908   124.756    14.29    7.56
  25880.921   127.325     6.96    7.38
  26249.838   123.970    -9.09   10.94
  26618.659   117.568   -17.36   14.62
  26987.383   109.451   -22.01   12.63
  27356.010   102.497   -18.86    6.40
  27724.541   101.064    -3.89    3.60
  28092.976   101.256     0.52    3.07
  28461.315   101.330     0.20    3.33
  28829.558   101.341     0.03    3.97
  29197.704   100.408    -2.54    4.64
  29565.755    98.818    -4.32    4.23
  29933.710    97.416    -3.81    2.95
  30301.569    97.791     1.02    3.44
  30669.332   101.349     9.67    5.75
  31037.000   103.786     6.63    5.16
  31404.572   104.702     2.49    3.96
  31772.048   104.927     0.61    3.55
  32139.429   103.794    -3.08    4.03
  32506.715   103.457    -0.92    4.54
  32873.906   102.427    -2.80    5.43
  33241.001   100.341    -5.68    5.13
  33608.001    99.079    -3.44    4.29
  33974.906    97.920    -3.16    4.15
  34341.717    96.407    -4.13    5.22
  34708.432    93.286    -8.51    8.28
  35075.052    90.084    -8.73    9.11
  35441.578    86.110   -10.84    9.74
  35808.009    82.349   -10.26    9.87
  36174.346    78.619   -10.18    9.80
  36540.587    73.648   -13.57    7.87
  36906.735    72.196    -3.97    7.88
  37272.788    74.431     6.11    8.10
  37638.747    76.808     6.49    6.92
  38004.611    78.206     3.82    6.58
  38370.382    77.246    -2.63    8.11
  38736.058    75.384    -5.09    8.91
  39101.640    73.613    -4.84    8.39
  39467.129    73.785     0.47    7.57
  39832.523    75.017     3.37    7.07
  40197.824    76.054     2.84    7.04
  40563.031    77.505     3.97    6.80
  40928.144    77.605     0.27    7.86
  41293.164    76.643    -2.64    8.75
  41658.091    76.857     0.59    8.71
  42022.923    77.231     1.03    7.48
  42387.663    78.099     2.38    5.08
  42752.309    77.802    -0.82    4.64
  43116.862    77.089    -1.95    4.72
  43481.322    77.275     0.51    4.81
  43845.689    79.369     5.75    5.70
  44209.963    82.791     9.39    5.40
  44574.144    84.123     3.66    3.98
  44938.232    84.081    -0.11    4.20
  45302.227    82.365    -4.71    4.12
  45666.129    82.241    -0.34    3.44
  46029.939    84.425     6.00    4.70
  46393.657    88.089    10.07    6.24
  46757.282    91.424     9.17    5.47
  47120.814    92.044     1.71    4.65
  47484.254    91.897    -0.40    4.53
  47847.602    91.865    -0.09    5.54
  48210.858    92.140     0.76    6.22
  48583.647    92.223     0.22    6.03
  48966.528    90.322    -4.97    6.20
  49349.303    86.505    -9.97    5.74
  49731.973    83.754    -7.19    4.20
  50114.536    81.280    -6.47    3.25
  50496.994    79.345    -5.06    3.36
  50879.346    78.408    -2.45    3.51
  51261.593    78.711     0.79    4.15
  51643.734    81.369     6.96    5.01
  52025.770    81.816     1.17    5.61
  52407.701    76.681   -13.44   10.10
  52789.526    67.988   -22.77   14.62
  53171.247    58.156   -25.76   13.89
  53552.862    51.762   -16.75   10.72
  53934.372    47.296   -11.70   10.32
  54315.778    47.051    -0.64   11.41
  54697.079    50.202     8.26   14.57
  55078.275    55.397    13.63   14.87
  55459.367    58.357     7.77   13.31
  55840.354    57.605    -1.97   14.36
  56221.236    55.421    -5.74   14.43
  56602.015    54.955    -1.22   13.64
  56982.689    58.905    10.38   13.24
  57363.259    60.358     3.82   13.33
  57743.725    58.135    -5.84   14.38
  58124.087    50.593   -19.83   16.75
  58504.345    42.470   -21.36   16.15
  58884.499    34.857   -20.03   11.21
  59264.550    30.900   -10.41    7.47
  59644.497    34.361     9.11   10.18
  60024.340    39.104    12.48   12.43
  60404.080    41.673     6.77   13.93
  60783.716    44.511     7.47   14.56
  61163.250    46.808     6.05   15.95
  61542.680    50.778    10.46   16.75
  61922.006    53.570     7.36   16.02
  62301.230    54.659     2.87   15.24
  62680.351    54.374    -0.75   15.91
  63059.369    50.793    -9.45   18.83
  63438.284    44.093   -17.68   21.09
  63817.097    34.427   -25.52   19.56
  64195.806    27.542   -18.18   13.48
  64574.414    24.680    -7.56    7.62
  64952.918    27.706     8.00    9.15
  65331.321    32.994    13.97   10.30
  65709.621    37.776    12.64    9.37
  66087.819    38.969     3.16    7.66
  66465.915    38.941    -0.07    5.80
  66843.908    37.559    -3.66    6.24
  67221.800    37.024    -1.42   11.03
  67599.590    33.612    -9.03   15.45
  67977.278    31.521    -5.53   16.60
  68354.864    28.030    -9.25   16.99
  68732.349    23.905   -10.93   15.85
  69109.732    24.191     0.76   15.26
  69487.014    24.103    -0.23   13.29
  69864.194    18.841   -13.95   11.21
  70241.273    17.476    -3.62   10.22
  70618.251    14.429    -8.08    9.16
  70995.128    10.423   -10.63    6.32
  71371.903     9.577    -2.24    6.12
  71748.578    10.008     1.14    6.82
  72125.151    10.823     2.17    7.64
  72501.624    11.746     2.45    7.83
  72877.996    12.955     3.21    7.87
  73254.268    14.046     2.90    7.57
  73630.438    15.425     3.67    6.36
  74006.509    15.125    -0.80    4.61
  74382.479    16.817     4.50    4.40
  74758.348    19.083     6.03    5.29
  75134.118    21.503     6.44    5.60
  75509.787    23.409     5.08    5.76
  75885.356    23.366    -0.11    6.40
  76260.825    21.627    -4.63    6.13
  76636.194    19.825    -4.80    6.54
  77011.463    17.986    -4.90    8.12
  77386.633    18.183     0.52    9.27
  77761.702    19.220     2.77    9.64
  78136.672    20.053     2.22    9.55
  78511.543    21.005     2.54    9.03
  78886.314    20.185    -2.19    9.56
  79260.986    19.115    -2.86    9.37
  79635.558    16.186    -7.82    8.67
  80010.032    14.486    -4.54    7.95
  80384.406    13.087    -3.74    7.64
  80758.681    10.108    -7.96    7.19
  81132.857     7.841    -6.06    6.05
  81506.934     5.527    -6.19    3.79
  81880.912     4.277    -3.34    0.60
  82254.792     4.272    -0.01    0.59
  82628.572     4.362     0.24    0.66
  83002.255     4.537     0.47    0.82
  83375.839     6.527     5.33    5.65
  83749.324     8.508     5.30    7.68
  84122.711     8.591     0.22    7.87
  84495.999     7.816    -2.08    6.96
  84869.190     6.486    -3.56    4.27
  85242.282     7.099     1.64    4.78
  85615.277     9.366     6.08    6.48
  85988.173    10.585     3.27    6.70
  86360.971    11.128     1.45    6.84
  86733.672    10.841    -0.77    6.53
  87106.275    10.266    -1.54    5.67
  87478.780    10.890     1.68    5.89
  87851.187    13.025     5.73    7.06
  88223.498    15.815     7.49    7.18
  88595.710    17.067     3.36    6.15
  88967.826    17.980     2.45    5.34
  89339.844    18.002     0.06    4.58
  89711.764    17.233    -2.07    3.44
  90083.588    17.664     1.16    3.06
  90455.315    17.142    -1.41    3.61
  90826.944    17.769     1.69    5.38
  91198.477    17.530    -0.64    6.66
  91569.913    17.240    -0.78    8.34
  91941.252    15.284    -5.27    9.28
  92312.495    12.295    -8.05    9.40
  92683.641     9.017    -8.83    7.13
  93054.690     7.648    -3.69    6.01
  93425.643     6.508    -3.07    3.85
  93796.500     6.728     0.59    3.23
  94167.260     8.073     3.63    3.84
  94537.924     8.922     2.29    4.03
  94908.492     9.817     2.41    4.30
  95278.964     9.924     0.29    4.32
  95649.340    10.217     0.79    5.16
  96019.620    12.072     5.01    6.84
  96389.804    14.118     5.53    7.42
  96759.892    15.994     5.07    7.21
  97129.885    16.701     1.91    7.10
  97499.782    16.548    -0.41    7.50
  97869.583    17.710     3.14    7.99
  98239.289    18.345     1.72    7.77
  98608.900    17.156    -3.22    7.62
  98978.415    16.410    -2.02    6.85
  99347.835    15.142    -3.43    6.47
  99717.160    15.418     0.75    6.91
 100086.390    17.901     6.72    8.20
 100455.525    21.251     9.07    9.55
 100824.564    22.899     4.47    8.63
 101193.509    24.056     3.13    6.89
 101562.359    25.013     2.60    5.91
 101931.115    23.739    -3.45    7.22
 102299.775    21.263    -6.72    9.41
 102668.341    24.897     9.86   13.12
 103036.813    28.542     9.89   13.80
 103405.190    34.228    15.43   11.93
 103773.473    38.325    11.12    6.20
 104141.661    37.494    -2.26    6.00
 104509.756    44.349    18.62   14.35
 104877.756    51.667    19.89   17.89
 105245.662    59.833    22.19   15.88
 105613.474    64.801    13.51   10.25
 105981.192    62.815    -5.40    9.30
 106348.816    56.603   -16.90   10.74
 106716.346    53.085    -9.57   10.29
 107083.783    49.876    -8.73    7.43
 107451.126    50.126     0.68    6.54
 107818.376    49.734    -1.07    6.72
 108185.532    49.493    -0.65    6.65
 108552.594    46.223    -8.91    6.05
 108919.564    42.774    -9.40    6.49
 109286.439    38.130   -12.66    8.27
 109653.222    33.882   -11.58    7.12
 110019.912    30.806    -8.39    5.07
 110386.508    28.256    -6.96    3.40
 110753.012    26.109    -5.86    3.95
 111119.422    24.630    -4.04    3.71
 111485.740    25.727     3.00    4.28
 111851.965    27.882     5.88    4.91
 112218.097    29.180     3.55    5.10
 112584.137    29.492     0.85    4.91
 112950.084    29.651     0.44    4.87
 113315.938    27.698    -5.34    4.23
 113681.700    25.753    -5.32    4.28
 114047.370    24.292    -3.99    4.30
 114412.947    23.383    -2.49    4.37
 114778.432    24.470     2.98    5.00
 115143.825    25.525     2.89    4.08
 115509.126    25.890     1.00    3.55
 115874.335    25.809    -0.22    3.52
 116239.452    24.901    -2.49    3.71
 116604.477    25.240     0.93    5.32
 116969.411    26.005     2.10    6.16
 117334.252    28.536     6.94    6.02
 117699.002    30.398     5.10    4.72
 118063.660    31.136     2.03    3.21
 118428.227    30.824    -0.86    2.89
 118792.702    30.720    -0.28    2.64
 119157.086    30.183    -1.48    2.43
 119521.379    29.449    -2.01    2.44
 119885.580    28.456    -2.73    3.74
 120249.691    25.278    -8.73    6.10
 120613.710    23.448    -5.03    6.05
 120977.638    23.554     0.29    6.65
 121341.475    24.306     2.07    7.11
 121705.221    29.023    12.97    6.88
 122068.876    32.288     8.98    5.06
 122432.441    33.735     3.98    4.05
 122795.915    33.071    -1.83    4.22
 123161.867    32.077    -2.72    4.50
 123544.595    32.019    -0.15    4.55
 123927.219    31.557    -1.21    4.29
 124309.740    29.358    -5.75    5.82
 124692.157    25.672    -9.64    7.09
 125074.471    21.286   -11.47    5.77
 125456.682    17.620    -9.59    3.46
 125838.789    15.403    -5.80    3.30
 126220.793    13.391    -5.27    3.26
 126602.694    12.109    -3.36    3.25
 126984.491    10.651    -3.82    2.81
 127366.186     9.736    -2.40    2.38
 127747.778     8.955    -2.05    2.68
 128129.267     7.759    -3.13    2.74
 128510.654     7.286    -1.24    3.09
 128891.938     9.505     5.82    5.02
 129273.119    10.982     3.87    6.22
 129654.198    12.527     4.06    5.52
 130035.174    14.915     6.27    6.61
 130416.048    15.534     1.62    7.01
 130796.820    17.280     4.59    6.04
 131177.490    17.782     1.32    5.84
 131558.057    17.064    -1.89    5.26
 131938.523    16.246    -2.15    4.74
 132318.887    15.491    -1.98    5.01
 132699.149    15.982     1.29    5.16
 133079.309    15.197    -2.06    5.36
 133459.367    15.210     0.03    5.86
 133839.324    13.917    -3.40    5.52
 134219.180    11.709    -5.81    4.29
 134598.934    12.279     1.50    5.02
 134978.587    14.774     6.57    6.07
 135358.138    16.279     3.97    5.77
 135737.589    17.049     2.03    5.01
 136116.938    15.964    -2.86    5.51
 136496.186    14.332    -4.30    6.05
 136875.333    13.248    -2.86    6.28
 137254.380    12.469    -2.05    6.04
 137633.326    13.068     1.58    7.23
 138012.171    15.150     5.50    6.83
 138390.915    18.507     8.86    7.12
 138769.559    22.571    10.73    8.71
 139148.102    24.993     6.40    7.65
 139526.545    27.595     6.87    6.10
 139904.888    27.544    -0.14    5.97
 140283.131    26.917    -1.66    4.53
 140661.273    26.267    -1.72    5.81
 141039.316    25.411    -2.27    6.20
 141417.258    23.325    -5.52    6.95
 141795.101    19.722    -9.53    6.28
 142172.843    17.957    -4.67    5.70
 142550.486    18.300     0.91    5.77
 142928.029    19.148     2.25    5.64
 143305.473    18.742    -1.08    5.20
 143682.817    17.254    -3.94    6.04
 144060.062    14.524    -7.24    6.08
 144437.208    12.522    -5.31    6.02
 144814.254    15.900     8.96    8.23
 145191.201    19.353     9.16    9.71
 145568.049    24.471    13.58    9.99
 145944.798    27.997     9.36    9.80
 146321.448    29.112     2.96    9.77
 146697.999    31.279     5.75    9.23
 147074.451    34.296     8.01    9.95
 147450.804    38.129    10.18    9.50
 147827.059    42.013    10.32    8.43
 148203.215    45.636     9.63    9.24
 148579.273    47.246     4.28    8.57
 148955.233    50.741     9.30    8.16
 149331.094    53.387     7.04    7.69
 149706.856    53.235    -0.41    8.44
 150082.521    54.902     4.44    9.30
 150458.088    58.246     8.90    9.25
 150833.556    56.782    -3.90    9.58
 151208.927    55.597    -3.16    8.64
 151584.199    56.449     2.27    8.20
 151959.374    57.244     2.12    7.88
 152334.451    58.006     2.03    6.55
 152709.431    57.935    -0.19    6.85
 153084.312    55.274    -7.10    8.67
 153459.097    51.486   -10.11    7.92
 153833.784    48.332    -8.42    7.43
 154208.373    47.128    -3.21    6.58
 154582.866    50.131     8.02    6.66
 154957.261    53.601     9.27    8.25
 155331.559    57.483    10.37    9.04
 155705.760    60.772     8.79    7.84
 156079.864    60.089    -1.83    9.00
 156453.871    57.946    -5.73    9.35
 156827.782    59.008     2.84    9.26
 157201.595    60.387     3.69    9.92
 157575.312    60.137    -0.67    9.88
 157948.932    60.783     1.73    8.34
 158322.456    59.551    -3.30    7.33
 158695.884    63.241     9.88    9.50
 159069.215    68.143    13.13    9.64
 159442.449    72.127    10.67    7.31
 159815.588    71.774    -0.94    6.28
 160188.630    66.191   -14.96    9.53
 160561.576    60.626   -14.92    9.43
 160934.427    57.433    -8.56    7.26
 161307.181    57.456     0.06    7.64
 161679.839    59.948     6.69    7.73
 162052.402    62.940     8.03    5.65
 162424.869    64.522     4.25    4.36
 162797.240    66.076     4.17    3.79
 163169.516    67.091     2.73    2.73
 163541.697    67.101     0.03    2.57
 163913.782    66.034    -2.87    3.66
 164285.771    64.577    -3.92    4.04
 164657.665    63.974    -1.62    3.95
 165029.465    64.482     1.36    4.76
 165401.169    64.709     0.61    5.45
 165772.778    63.456    -3.37    6.73
 166144.292    58.705   -12.79    8.64
 166515.711    52.683   -16.21    8.42
 166887.035    47.943   -12.76    7.08
 167258.264    46.349    -4.29    5.34
 167629.399    47.556     3.25    6.06
 168000.440    49.008     3.91    5.72
 168371.385    50.453     3.90    4.26
 168742.237    50.067    -1.04    3.40
 169112.993    49.263    -2.17    2.66
 169483.656    50.798     4.14    3.48
 169854.224    53.354     6.90    4.48
 170224.698    55.555     5.94    4.81
 170595.078    57.286     4.67    4.27
 170965.364    59.296     5.43    5.62
 171335.556    60.396     2.97    6.33
 171705.654    61.723     3.59    6.81
 172075.659    62.739     2.75    7.99
 172445.569    63.884     3.10    8.56
 172815.386    64.626     2.01    8.95
 173185.109    64.383    -0.66    8.93
 173554.739    63.721    -1.79    8.05
 173924.275    61.899    -4.93    7.20
 174293.718    60.711    -3.21    5.96
 174663.068    61.089     1.02    4.36
 175032.324    61.671     1.58    3.85
 175401.487    64.102     6.58    3.97
 175770.557    65.574     3.99    4.54
 176139.534    66.703     3.06    5.23
 176508.418    67.561     2.33    5.92
 176877.209    68.197     1.72    6.09
 177245.907    69.104     2.46    5.99
 177614.513    70.849     4.74    4.99
 177983.026    71.697     2.30    4.06
 178351.446    72.642     2.57    2.62
 178719.774    73.685     2.83    2.77
 179088.009    74.157     1.28    3.15
 179456.151    74.244     0.24    3.36
 179824.202    74.248     0.01    3.31
 180192.160    74.513     0.72    3.91
 180560.026    76.982     6.71    6.23
 180927.800    81.036    11.02    8.02
 181295.482    87.918    18.72    7.98
 181663.071    92.791    13.26    5.33
 182030.569    94.186     3.79    3.98
 182397.975    91.154    -8.25    6.46
 182765.289    85.866   -14.40    7.75
 183132.512    79.270   -17.96    6.74
 183499.643    74.459   -13.10    5.76
 183866.682    71.154    -9.00    4.17
 184233.630    68.719    -6.64    3.25
 184600.486    67.370    -3.68    3.35
 184967.251    66.708    -1.81    3.51
 185333.924    66.866     0.43    3.76
 185700.507    67.307     1.20    3.99
 186066.998    68.367     2.89    3.33
 186433.398    67.558    -2.21    3.76
 186799.707    65.476    -5.68    5.30
 187165.925    62.985    -6.80    5.48
 187532.053    63.458     1.29    6.05
 187898.089    65.615     5.89    6.48
 188264.034    66.527     2.49    6.03
 188629.889    65.169    -3.71    6.85
 188995.654    63.035    -5.83    6.24
 189361.327    62.009    -2.81    4.79
 189726.911    62.200     0.52    3.99
 190092.403    64.709     6.86    3.80
 190457.806    66.758     5.61    4.64
 190823.118    68.815     5.63    4.83
 191188.340    71.704     7.91    5.34
 191553.472    74.299     7.11    5.60
 191918.513    76.113     4.97    5.42
 192283.465    76.772     1.81    4.81
 192648.327    77.925     3.16    4.62
 193013.099    78.940     2.78    4.69
 193377.781    80.241     3.57    3.79
 193742.373    81.448     3.31    3.36
 194106.875    82.354     2.49    4.83
 194471.288    84.757     6.59    6.26
 194835.612    88.789    11.07    6.07
 195199.846    92.285     9.60    4.42
 195563.990    93.925     4.50    3.60
 195928.045    95.358     3.94    3.52
 196292.011    98.791     9.43    6.23
 196655.887   102.996    11.55    6.81
 197019.675   107.386    12.07    5.83
 197383.373   110.499     8.56    3.69
 197746.982   112.273     4.88    4.44
 198125.464   114.073     4.76    6.55
 198507.930   114.875     2.10    7.58
 198890.294   114.849    -0.07    9.40
 199272.557   112.099    -7.19   10.84
 199654.719   107.049   -13.21   10.36
 200036.780   102.641   -11.54    8.93
 200418.740    98.428   -11.03    5.17
 200800.599    97.303    -2.95    3.24
 201182.357    98.476     3.07    3.38
 201564.014    97.626    -2.23    4.36
 201945.571    97.279    -0.91    5.03
 202327.027    95.516    -4.62    6.06
 202708.383    93.313    -5.78    7.12
