 -68090.767    -3.006     0.00    0.00
 -67721.903    -3.006     0.00    0.00
 -67353.139    -3.006     0.00    0.00
 -66984.474    -3.006     0.00    0.00
 -66615.909    -3.006     0.00    0.00
 -66247.444    -3.006     0.00    0.00
 -65879.078    -2.182     2.24    2.44
 -65510.812     1.941    11.20    7.45
 -65142.644     5.978    10.96    7.92
 -64774.576     6.378     1.09    7.55
 -64406.608     4.038    -6.36    7.23
 -64038.738     0.078   -10.76    5.22
 -63670.967    -1.095    -3.19    2.59
 -63303.295     0.183     3.48    2.82
 -62935.721     1.962     4.84    2.15
 -62568.247     2.845     2.40    1.29
 -62200.871     3.052     0.56    1.61
 -61833.593     3.774     1.96    2.85
 -61466.415     5.134     3.71    4.53
 -61099.334     6.629     4.07    5.29
 -60732.352     6.986     0.97    5.26
 -60365.468     7.024     0.10    4.99
 -59998.682     6.315    -1.93    4.59
 -59631.994     4.844    -4.01    2.51
 -59265.404     5.189     0.94    2.48
 -58898.912     6.376     3.24    3.45
 -58532.518     6.690     0.86    3.91
 -58166.222     6.755     0.18    4.01
 -57800.023     7.530     2.12    4.36
 -57433.922     7.766     0.64    4.33
 -57067.918     7.884     0.32    4.51
 -56702.012     6.626    -3.44    4.12
 -56336.203     4.324    -6.29    3.17
 -55970.491     2.706    -4.43    2.49
 -55604.877     1.663    -2.85    2.03
 -55239.360     1.288    -1.03    1.27
 -54873.939     1.685     1.09    1.26
 -54508.616     2.302     1.69    1.11
 -54143.389     2.556     0.70    1.01
 -53778.260     2.351    -0.56    1.06
 -53413.227     2.110    -0.66    1.07
 -53048.290     1.986    -0.34    1.26
 -52683.450     2.126     0.38    1.51
 -52318.707     3.367     3.40    2.76
 -51954.060     5.329     5.38    3.78
 -51589.509     7.942     7.17    5.14
 -51225.055    10.204     6.21    5.61
 -50860.696    12.352     5.89    8.32
 -50496.434    14.542     6.01    9.26
 -50132.268    17.501     8.13    9.31
 -49768.198    18.033     1.46    8.24
 -49404.223    17.486    -1.50    6.63
 -49040.345    17.238    -0.68    6.06
 -48676.562    17.795     1.53    6.36
 -48312.874    18.258     1.27    6.37
 -47949.283    17.705    -1.52    7.22
 -47585.786    16.009    -4.67    7.69
 -47222.385    15.433    -1.58    6.69
 -46859.079    15.626     0.53    6.44
 -46495.869    17.822     6.05    7.16
 -46132.754    20.962     8.65    3.69
 -45769.734    18.508    -6.76    7.11
 -45406.808    16.699    -4.98    8.46
 -45040.067    15.497    -3.28    8.15
 -44656.804    15.695     0.52    7.51
 -44273.651    16.329     1.66    6.02
 -43890.609    15.266    -2.78    4.99
 -43507.677    13.280    -5.19    5.53
 -43124.855    10.618    -6.96    6.61
 -42742.143    10.001    -1.61    6.94
 -42359.540     8.153    -4.83    6.39
 -41977.048     7.509    -1.68    5.41
 -41594.666     7.258    -0.65    4.59
 -41212.393     6.135    -2.94    4.02
 -40830.230     4.926    -3.16    3.83
 -40448.176     4.290    -1.67    3.53
 -40066.231     3.688    -1.58    3.48
 -39684.396     3.816     0.33    3.75
 -39302.670     4.761     2.48    4.42
 -38921.053     4.352    -1.07    4.09
 -38539.545     4.137    -0.56    3.94
 -38158.146     4.794     1.72    4.07
 -37776.856     4.391    -1.06    3.12
 -37395.675     4.963     1.50    3.00
 -37014.602     4.297    -1.75    3.40
 -36633.637     3.317    -2.57    3.21
 -36252.781     3.587     0.71    3.33
 -35872.034     3.682     0.25    3.55
 -35491.394     5.204     4.00    3.75
 -35110.863     6.880     4.40    3.94
 -34730.440     8.031     3.03    3.59
 -34350.125     7.474    -1.47    3.70
 -33969.917     5.626    -4.86    4.49
 -33589.818     3.501    -5.59    4.04
 -33209.826     1.941    -4.11    2.94
 -32829.941     1.431    -1.34    2.56
 -32450.165     0.939    -1.29    1.40
 -32070.495     0.816    -0.32    0.79
 -31690.933     0.777    -0.10    0.77
 -31311.478     0.886     0.29    0.93
 -30932.130     0.890     0.01    0.90
 -30552.890     0.941     0.13    0.91
 -30173.756     0.791    -0.40    0.70
 -29794.729     0.665    -0.33    0.62
 -29415.809     0.755     0.24    0.69
 -29036.995     0.852     0.25    0.72
 -28658.289     1.032     0.48    0.84
 -28279.688     1.555     1.38    1.39
 -27901.194     3.008     3.84    3.07
 -27522.807     4.870     4.92    4.09
 -27144.525     7.289     6.39    5.58
 -26766.350     8.889     4.23    6.39
 -26388.280     8.740    -0.40    6.70
 -26010.317     6.382    -6.24    5.69
 -25632.460     5.083    -3.44    3.89
 -25254.708     4.194    -2.35    2.48
 -24877.062     3.591    -1.60    2.62
 -24499.522     2.420    -3.10    2.68
 -24122.087     0.845    -4.17    1.94
 -23744.757    -0.157    -2.66    0.97
 -23367.533    -0.530    -0.99    0.86
 -22990.414    -0.811    -0.74    0.60
 -22613.400    -0.976    -0.44    0.25
 -22236.491    -1.006    -0.08    0.00
 -21859.688    -0.925     0.22    0.39
 -21482.989    -0.706     0.58    0.85
 -21106.395    -0.391     0.84    1.17
 -20729.905    -0.275     0.31    1.47
 -20353.520    -0.192     0.22    1.60
 -19977.240    -0.436    -0.65    1.26
 -19601.064    -0.632    -0.52    1.10
 -19224.993    -0.837    -0.54    0.68
 -18849.025    -1.006    -0.45    0.00
 -18473.162    -1.006     0.00    0.00
 -18097.403    -1.006     0.00    0.00
 -17721.748    -1.006     0.00    0.00
 -17346.197    -1.006     0.00    0.00
 -16970.750    -1.006     0.00    0.00
 -16595.407    -1.006     0.00    0.00
 -16220.167    -1.006     0.00    0.00
 -15845.030    -1.006     0.00    0.00
 -15469.998    -1.006     0.00    0.00
 -15095.068    -1.006     0.00    0.00
 -14720.242    -1.006     0.00    0.00
 -14345.519    -0.913     0.25    0.40
 -13970.899    -0.623     0.78    0.73
 -13596.383    -0.140     1.29    1.20
 -13221.969     0.426     1.51    1.40
 -12847.658     1.145     1.92    1.47
 -12473.450     2.114     2.59    1.43
 -12099.345     2.985     2.33    1.37
 -11725.342     3.460     1.27    1.08
 -11351.442     3.577     0.31    1.35
 -10977.644     3.361    -0.58    1.39
 -10603.948     3.501     0.38    2.11
 -10230.355     4.544     2.79    3.54
  -9856.864     6.658     5.66    4.32
  -9483.475     8.633     5.29    4.35
  -9110.188    10.592     5.25    2.80
  -8737.003    10.430    -0.44    1.99
  -8363.920     9.653    -2.08    1.92
  -7990.939     8.168    -3.98    2.44
  -7618.059     8.098    -0.19    3.75
  -7245.281    10.249     5.77    8.15
  -6872.605    16.327    16.31   13.92
  -6500.030    23.956    20.48   16.63
  -6127.556    26.175     5.96   15.88
  -5755.184    26.801     1.68   14.76
  -5382.912    21.926   -13.09   14.97
  -5010.742    14.586   -19.72   13.62
  -4638.673     8.255   -17.02   10.96
  -4266.705     3.497   -12.79    6.77
  -3894.837     0.837    -7.15    2.39
  -3523.071     0.062    -2.08    0.45
  -3151.405    -0.006    -0.18    0.00
  -2779.839    -0.006     0.00    0.00
  -2408.374    -0.006     0.00    0.00
  -2037.010     0.069     0.20    0.56
  -1665.746     0.538     1.26    1.61
  -1294.582     0.774     0.64    1.81
   -923.518     1.130     0.96    2.14
   -552.555     1.298     0.45    2.05
   -181.691     1.259    -0.10    1.94
    189.072     1.238    -0.06    1.79
    559.736     1.517     0.75    2.10
    930.300     2.099     1.57    2.49
   1300.764     2.192     0.25    2.52
   1671.129     1.970    -0.60    2.65
   2041.394     0.971    -2.70    2.18
   2411.560     0.024    -2.56    0.41
   2781.626    -0.006    -0.08    0.00
   3151.593    -0.006     0.00    0.00
   3521.461    -0.006     0.00    0.00
   3891.230    -0.006     0.00    0.00
   4260.899     0.375     1.03    1.56
   4630.470     2.883     6.79    6.53
   4999.942     8.494    15.18   13.20
   5369.315    17.910    25.49   19.86
   5738.589    28.395    28.39   23.41
   6107.765    37.452    24.53   21.70
   6476.842    45.076    20.66   17.48
   6845.820    50.048    13.47   13.64
   7214.701    55.394    14.49   10.45
   7583.483    60.911    14.96    9.34
   7952.166    65.616    12.76    7.78
   8320.752    70.650    13.66    9.40
   8689.239    76.925    17.03   11.35
   9057.629    83.907    18.95   12.65
   9425.920    91.124    19.60   12.91
   9794.114    93.551     6.59   12.43
  10162.210    96.184     7.15   11.56
  10530.208    99.570     9.20   11.66
  10898.108   105.558    16.28   14.31
  11265.911   115.411    26.79   15.91
  11633.617   128.447    35.45   22.23
  12001.225   140.842    33.72   24.29
  12368.736   154.042    35.92   23.06
  12736.150   161.470    20.22   19.44
  13103.467   164.467     8.16   14.70
  13470.686   162.400    -5.63   12.72
  13837.809   154.219   -22.28   12.78
  14204.835   147.826   -17.42   12.13
  14571.764   139.587   -22.45   11.08
  14938.596   130.365   -25.14   13.07
  15305.331   123.234   -19.44   12.39
  15671.970   117.803   -14.81   12.08
  16038.512   113.924   -10.58   14.28
  16404.958   113.994     0.19   15.82
  16771.308   111.337    -7.25   15.91
  17137.561   107.647   -10.07   12.28
  17503.718   105.077    -7.02    8.99
  17869.779   104.363    -1.95    8.69
  18235.744   106.621     6.17    9.23
  18601.613   110.061     9.40    9.70
  18967.386   115.197    14.04    9.71
  19333.064   115.761     1.54   10.14
  19698.645   113.833    -5.27   12.32
  20064.131   112.923    -2.49   13.18
  20429.521   113.422     1.37   13.07
  20794.816   119.885    17.69   16.69
  21160.015   126.814    18.97   16.06
  21525.119   131.844    13.78   12.41
  21890.128   130.062    -4.88   15.99
  22255.041   121.187   -24.32   23.38
  22619.860   110.175   -30.19   23.72
  22984.583   104.024   -16.86   19.47
  23349.211   104.947     2.53   17.38
  23713.745   112.687    21.23   21.74
  24078.183   128.230    42.65   20.17
  24442.527   139.740    31.59   18.58
  24806.776   149.035    25.52   19.97
  25170.931   155.856    18.73   22.69
  25534.991   159.817    10.88   23.77
  25898.956   165.116    14.56   19.74
  26262.828   174.895    26.87   16.41
  26626.604   183.577    23.87   16.23
  26990.287   187.144     9.81   19.01
  27353.876   183.552    -9.88   24.65
  27717.370   173.619   -27.32   28.13
  28080.770   156.579   -46.89   26.16
  28444.077   142.552   -38.61   22.01
  28807.290   132.903   -26.56   20.60
  29170.408   124.373   -23.49   21.90
  29533.433   123.430    -2.60   24.48
  29912.552   126.994     9.40   26.75
  30295.584   135.580    22.42   29.02
  30678.507   151.232    40.87   35.55
  31061.322   167.932    43.62   36.97
  31444.029   182.986    39.33   38.29
  31826.628   189.594    17.27   34.26
  32209.119   189.437    -0.41   32.16
  32591.503   174.847   -38.15   32.50
  32973.778   153.870   -54.88   28.65
  33355.946   134.350   -51.07   19.09
  33738.006   122.024   -32.26   13.83
  34119.959   109.481   -32.84   13.10
  34501.804    98.840   -27.87   15.24
  34883.542    88.486   -27.12   15.02
  35265.173    76.747   -30.76   13.78
  35646.697    67.294   -24.78   11.07
  36028.113    60.994   -16.52    6.88
  36409.423    58.236    -7.23    5.01
  36790.626    57.303    -2.45    6.06
  37171.722    56.621    -1.79    5.96
  37552.711    55.521    -2.89    4.98
  37933.594    56.338     2.14    4.27
  38314.370    60.224    10.21    4.56
  38695.040    63.051     7.43    4.62
  39075.604    65.809     7.25    4.37
  39456.061    65.784    -0.06    4.73
  39836.413    62.939    -7.48    6.03
  40216.658    58.375   -12.00    7.56
  40596.797    53.169   -13.70   10.14
  40976.830    46.207   -18.32   11.78
  41356.758    40.387   -15.32   11.23
  41736.580    35.324   -13.33    8.56
  42116.296    32.685    -6.95    5.12
  42495.907    31.091    -4.20    3.40
  42875.412    30.823    -0.71    5.43
  43254.812    32.164     3.53    7.91
  43634.107    34.761     6.85   11.52
  44013.296    36.139     3.63   13.25
  44392.381    35.994    -0.38   11.97
  44771.360    33.963    -5.36   10.20
  45150.235    32.244    -4.54    6.52
  45529.005    30.861    -3.65    3.78
  45907.670    29.621    -3.27    2.05
  46286.230    28.701    -2.43    2.72
  46664.686    28.170    -1.40    2.83
  47043.038    30.103     5.11    5.82
  47421.285    35.354    13.88   10.59
  47799.427    42.032    17.66   12.51
  48177.466    49.847    20.67   11.11
  48555.400    53.163     8.77    8.96
  48933.231    50.494    -7.06   11.07
  49310.957    43.994   -17.21   13.12
  49688.580    37.192   -18.01   11.51
  50066.098    32.840   -11.53    6.05
  50443.514    31.738    -2.92    3.30
  50820.825    32.212     1.26    2.76
  51198.033    32.961     1.98    2.36
  51575.138    34.240     3.39    2.86
  51952.139    33.283    -2.54    4.50
  52329.037    30.387    -7.68    5.74
  52705.832    29.124    -3.35    6.32
  53082.523    29.543     1.11    7.67
  53459.112    30.195     1.73   11.83
  53835.598    25.447   -12.61   14.72
  54211.981    17.679   -20.64   15.42
  54588.261     9.994   -20.42    9.27
  54964.438     5.886   -10.92    2.06
  55340.513     6.521     1.69    3.87
  55716.486     8.869     6.24    6.40
  56092.356    14.904    16.06   11.97
  56468.124    18.840    10.47   11.81
  56843.789    23.165    11.51   12.05
  57219.352    25.730     6.83   13.22
  57594.813    29.209     9.27   14.48
  57970.173    34.233    13.38   14.98
  58345.430    37.606     8.99   15.05
  58720.586    39.789     5.82   15.71
  59095.639    41.505     4.58   13.11
  59470.591    45.609    10.94   10.71
  59845.442    44.603    -2.68   10.50
  60220.191    43.189    -3.77   12.43
  60594.839    46.962    10.07   14.85
  60969.385    51.613    12.42   16.23
  61343.830    57.087    14.62   16.79
  61718.174    61.718    12.37   17.68
  62092.416    62.922     3.22   18.46
  62466.558    66.322     9.09   18.47
  62840.599    71.327    13.38   20.89
  63214.539    76.650    14.23   22.12
  63588.379    81.658    13.40   17.92
  63962.117    86.929    14.10   15.57
  64335.755    87.862     2.50   12.05
  64709.293    86.613    -3.34   11.42
  65082.730    87.269     1.76   11.95
  65456.067    83.293   -10.65   15.30
  65829.303    82.280    -2.71   18.29
  66202.439    83.366     2.91   19.15
  66575.476    84.915     4.15   18.59
  66948.412    85.101     0.50   19.22
  67321.248    85.218     0.31   16.42
  67693.985    87.121     5.10   16.35
  68066.621    89.478     6.33   15.92
  68439.158    93.290    10.23   13.00
  68811.596    94.717     3.83   10.30
  69183.933    94.332    -1.03    8.54
  69556.172    97.001     7.17    8.85
  69928.311    98.577     4.23   12.89
  70300.350   100.517     5.21   13.53
  70672.291   103.781     8.78   15.55
  71044.132   110.930    19.22   19.70
  71415.875   121.400    28.16   22.40
  71787.518   125.154    10.10   20.12
  72159.062   130.415    14.16   16.60
  72530.508   132.576     5.82   12.16
  72901.855   131.310    -3.41   13.11
  73273.103   134.712     9.16   16.58
  73644.253   134.730     0.05   21.57
  74015.304   131.894    -7.64   25.20
  74386.257   123.049   -23.84   24.99
  74757.111   114.827   -22.17   23.84
  75127.867   104.106   -28.92   23.84
  75498.525    94.415   -26.14   20.44
  75869.085    87.649   -18.26   18.00
  76239.547    81.529   -16.52   14.26
  76609.911    82.847     3.56   17.69
  76980.177    87.035    11.31   20.44
  77350.345    92.102    13.69   20.95
  77720.416    96.370    11.53   21.82
  78090.388   102.619    16.89   25.04
  78460.264   116.621    37.86   26.48
  78830.042   125.778    24.76   22.92
  79199.722   129.701    10.61   20.31
  79569.305   125.142   -12.33   22.42
  79938.791   120.049   -13.78   20.96
  80308.180   118.041    -5.44   18.25
  80677.472   112.335   -15.45   14.21
  81046.666   110.050    -6.19   11.86
  81415.764   113.025     8.06   11.79
  81784.765   116.710     9.99   12.40
  82153.669   118.502     4.86   13.50
  82522.476   117.009    -4.05   17.99
  82891.187   113.290   -10.09   21.18
  83259.801   107.777   -14.96   21.50
  83628.319   104.017   -10.20   18.70
  83996.740   100.914    -8.42   16.48
  84365.065    98.076    -7.70   13.80
  84733.294    96.525    -4.21   10.56
  85101.426    98.398     5.09   11.87
  85469.463   107.426    24.53   17.70
  85837.403   119.710    33.39   21.17
  86205.248   133.227    36.75   21.08
  86572.997   147.139    37.83   14.86
  86940.649   151.736    12.50   10.48
  87308.207   152.330     1.62   12.17
  87675.668   150.851    -4.02   13.72
  88043.034   149.494    -3.69   14.24
  88410.304   154.704    14.19   13.35
  88777.480   159.373    12.71   11.68
  89144.559   159.048    -0.88   13.70
  89511.544   154.683   -11.90   18.44
  89878.433   140.962   -37.40   23.42
  90245.227   127.466   -36.79   20.90
  90611.926   114.069   -36.53   15.43
  90978.530   102.025   -32.85   16.62
  91345.040    95.072   -18.97   15.63
  91711.454    92.094    -8.13   14.54
  92077.774    94.308     6.05   18.17
  92443.999    99.647    14.58   20.47
  92810.129   100.884     3.38   20.03
  93176.165    90.422   -28.58   25.09
  93542.107    77.831   -34.41   24.34
  93907.954    65.433   -33.89   15.98
  94273.707    61.884    -9.70    8.23
  94639.365    59.787    -5.73    5.59
  95004.930    58.244    -4.22    7.48
  95370.400    57.236    -2.76    8.96
  95735.777    57.210    -0.07    9.68
  96101.059    58.050     2.30   10.38
  96466.248    58.751     1.92    9.47
  96831.342    58.834     0.23    8.31
  97196.344    60.647     4.97    6.42
  97561.251    62.619     5.40    5.89
  97926.065    63.186     1.55    6.42
  98290.785    64.542     3.72    7.26
  98655.412    64.954     1.13    6.59
  99019.946    64.701    -0.69    6.21
  99384.386    64.882     0.50    6.05
  99748.734    63.671    -3.32    5.75
 100112.988    62.131    -4.23    4.72
 100477.149    61.115    -2.79    3.72
 100841.217    63.883     7.60    7.14
 101205.192    65.953     5.69    7.95
 101569.074    66.832     2.42    7.28
 101932.863    66.592    -0.66    6.89
 102296.560    65.698    -2.46    6.13
 102660.164    65.826     0.35    5.30
 103023.676    68.009     6.01    6.03
 103387.095    70.082     5.70    5.01
 103750.422    70.194     0.31    5.42
 104113.656    70.994     2.20    6.91
 104485.133    71.619     1.68    6.43
 104868.027    73.402     4.66    5.68
 105250.814    74.002     1.57    5.85
 105633.495    70.660    -8.73    6.73
 106016.070    68.303    -6.16    7.61
 106398.539    67.827    -1.24    7.68
 106780.902    69.665     4.81    8.15
 107163.160    73.952    11.21    6.54
 107545.312    77.434     9.11    5.07
 107927.358    78.738     3.41    6.77
 108309.299    79.840     2.89    7.93
 108691.135    79.771    -0.18    8.62
 109072.865    77.035    -7.17   10.95
 109454.490    73.211   -10.02   12.07
 109836.010    68.937   -11.20   11.98
 110217.425    69.395     1.20   13.32
 110598.735    74.186    12.56   14.73
 110979.940    79.286    13.38   13.03
 111361.040    84.057    12.52   12.16
 111742.036    80.197   -10.13   18.58
 112122.927    72.898   -19.16   22.18
 112503.714    64.276   -22.64   21.61
 112884.396    54.881   -24.68   17.76
 113264.974    55.517     1.67   18.70
 113645.447    57.120     4.21   18.75
 114025.816    57.565     1.17   18.69
 114406.082    58.589     2.69   19.28
 114786.243    60.986     6.30   20.31
 115166.300    61.234     0.65   21.92
 115546.254    56.010   -13.75   21.19
 115926.104    47.017   -23.67   19.37
 116305.850    38.363   -22.79   16.22
 116685.492    34.263   -10.80   14.31
 117065.031    32.727    -4.05   13.52
 117444.467    32.618    -0.29   14.35
 117823.799    39.874    19.13   18.68
 118203.028    48.752    23.41   20.26
 118582.154    48.142    -1.61   20.59
 118961.177    46.421    -4.54   19.47
 119340.097    41.882   -11.98   15.21
 119718.914    39.674    -5.83   12.03
 120097.628    41.083     3.72   11.47
 120476.240    42.866     4.71    9.90
 120854.748    44.456     4.20    8.77
 121233.155    45.082     1.65    7.56
 121611.458    44.066    -2.69    6.70
 121989.660    43.769    -0.79    5.66
 122367.759    44.595     2.19    4.71
 122745.756    47.128     6.70    5.87
 123123.650    52.136    13.25    8.55
 123501.443    57.098    13.13    9.06
 123879.133    63.018    15.67    8.54
 124256.722    65.128     5.59    7.76
 124634.209    65.856     1.93    6.63
 125011.594    65.907     0.14    6.06
 125388.877    65.034    -2.31    5.99
 125766.059    63.543    -3.95    6.80
 126143.140    61.434    -5.59    7.87
 126520.119    58.195    -8.59    7.57
 126896.996    55.802    -6.35    8.35
 127273.773    55.026    -2.06    8.25
 127650.448    53.768    -3.34    8.68
 128027.022    53.986     0.58    9.97
 128403.495    57.994    10.65    9.77
 128779.867    61.946    10.50    7.28
 129156.139    63.283     3.55    7.13
 129532.309    61.760    -4.05    7.95
 129908.379    61.338    -1.12    7.21
 130284.349    61.847     1.35    7.03
 130660.217    60.097    -4.66    6.85
 131035.986    58.359    -4.62    7.94
 131411.654    54.481   -10.32    9.72
 131787.222    51.874    -6.94    9.36
 132162.689    51.833    -0.11   10.31
 132538.057    53.422     4.23   11.32
 132913.324    53.043    -1.01   10.96
 133288.491    55.914     7.65   11.93
 133663.559    60.851    13.16   14.90
 134038.527    64.726    10.34   13.09
 134413.395    63.555    -3.13   12.21
 134788.163    62.106    -3.86   12.26
 135162.832    67.739    15.03   16.27
 135537.402    78.770    29.45   19.23
 135911.872    87.045    22.10   16.51
 136286.242    87.969     2.47   14.41
 136660.514    86.774    -3.19   13.53
 137034.686    89.177     6.42   14.14
 137408.759    97.562    22.41   16.15
 137782.733   107.679    27.05   13.30
 138156.609   115.888    21.95    8.26
 138530.385   119.703    10.21    7.67
 138904.063   119.514    -0.51    9.03
 139277.642   116.026    -9.34   10.90
 139651.122   109.635   -17.11   12.20
 140024.504    99.124   -28.15   12.79
 140397.787    92.485   -17.78   11.08
 140770.973    90.063    -6.49    9.09
 141144.059    95.402    14.31   12.04
 141517.048   102.919    20.15   12.98
 141889.938   107.124    11.27   11.34
 142262.730   105.746    -3.70   13.79
 142635.425   103.106    -7.08   13.78
 143008.021   102.578    -1.42   12.19
 143380.520   105.698     8.38   12.81
 143752.920   114.638    24.00   13.69
 144125.224   122.450    20.98   13.77
 144497.429   128.994    17.58   11.21
 144869.537   134.089    13.69   10.07
 145241.548   135.558     3.95    9.41
 145613.461   135.654     0.26    7.08
 145985.277   135.615    -0.11    6.08
 146356.996   132.139    -9.35    8.01
 146728.617   125.477   -17.92   11.43
 147100.142   116.258   -24.81   12.89
 147471.569   105.290   -29.53   14.48
 147842.900    96.389   -23.97   12.81
 148214.133    88.506   -21.23   12.64
 148585.270    79.977   -22.98   12.46
 148956.311    71.881   -21.82   12.11
 149327.254    68.289    -9.68   13.35
 149698.102    72.603    11.63   18.63
 150068.852    78.171    15.02   20.61
 150439.507    87.604    25.45   19.27
 150810.065    95.106    20.25   16.98
 151180.526    95.855     2.02   14.88
 151550.892    94.157    -4.58   13.23
 151921.162    89.639   -12.20   13.21
 152291.335    86.522    -8.42   10.95
 152661.413    87.489     2.61    8.43
 153031.394    87.324    -0.45    8.54
 153401.280    86.726    -1.62    9.02
 153771.071    86.362    -0.99   11.32
 154140.765    84.115    -6.08   12.37
 154510.364    80.026   -11.06   14.56
 154879.868    79.477    -1.49   14.04
 155249.276    80.748     3.44   13.85
 155618.589    83.847     8.39   13.16
 155987.807    81.695    -5.83   14.01
 156356.929    81.434    -0.71   14.27
 156725.956    78.416    -8.18   13.68
 157094.889    76.368    -5.55   11.64
 157463.726    77.214     2.29    9.53
 157832.468    77.921     1.92    8.07
 158201.116    78.764     2.29    8.45
 158569.669    76.936    -4.96   11.04
 158938.127    75.752    -3.21   12.11
 159306.491    74.167    -4.30   11.03
 159674.760    77.977    10.34   11.87
 160042.934    81.744    10.23   12.11
 160411.014    81.121    -1.69   14.53
 160779.000    80.663    -1.24   13.59
 161146.892    81.172     1.38   12.22
 161514.690    86.705    15.04   12.73
 161882.393    92.711    16.33    9.80
 162250.003    97.010    11.69    7.17
 162617.518    99.710     7.35    5.73
 162984.940   102.782     8.36    7.08
 163352.267   108.431    15.38    8.68
 163719.502   113.227    13.06    7.11
 164086.642   114.050     2.24    6.97
 164453.689   114.689     1.74    9.92
 164820.642   113.179    -4.12   10.50
 165187.502   109.181   -10.90   12.13
 165554.269   103.680   -14.99   15.00
 165920.942    91.550   -33.08   15.86
 166287.522    85.961   -15.24   12.71
 166654.009    89.360     9.27   14.89
 167020.403    93.826    12.19   13.36
 167386.703    97.434     9.85    8.98
 167752.911    95.854    -4.31    9.73
 168119.026    92.408    -9.41   10.62
 168485.048    90.438    -5.38   13.53
 168850.978    88.563    -5.12   16.17
 169216.815    87.219    -3.67   18.69
 169582.559    86.105    -3.05   20.17
 169948.211    81.571   -12.40   18.44
 170313.770    79.231    -6.40   16.37
 170679.237    73.361   -16.06   18.03
 171044.611    67.961   -14.78   16.81
 171409.894    66.506    -3.98   14.48
 171775.084    67.934     3.91   11.20
 172140.182    69.641     4.67   10.34
 172505.188    66.522    -8.54   13.32
 172870.103    62.669   -10.56   14.28
 173234.925    57.858   -13.19   15.46
 173599.655    56.663    -3.27   14.36
 173964.294    61.324    12.78   15.87
 174328.841    68.002    18.32   17.14
 174693.297    75.666    21.03   17.05
 175057.660    82.436    18.58   11.54
 175421.933    81.082    -3.72   14.20
 175786.114    79.195    -5.18   15.25
 176150.204    76.221    -8.17   15.31
 176514.202    71.863   -11.97   15.45
 176878.110    64.529   -20.15   19.40
 177241.926    55.059   -26.03   17.70
 177605.651    51.456    -9.90   15.24
 177969.285    49.045    -6.63   14.69
 178332.828    52.163     8.57   14.48
 178696.281    54.412     6.19   13.00
 179060.632    55.688     3.50   11.94
 179443.375    50.163   -14.44   13.42
 179826.014    40.192   -26.06   11.30
 180208.549    33.327   -17.94   10.69
 180590.980    29.570    -9.82    9.25
 180973.308    30.055     1.27   12.32
 181355.532    33.075     7.90   11.82
 181737.652    32.673    -1.05    9.83
 182119.670    31.517    -3.03    5.97
