# NaN NaN NaN ;Mean Elev.(m), Avg Gradient(m/km), RMS Gradient(m/km) - SRTM1     
#   -5.491   1.950   8.864 ;Mean Elev.(m), Avg Gradient(m/km), RMS Gradient(m/km) - ASTER GDEM
#    5.147  -0.097   5.553 ;Mean Elev.(m), Avg Gradient(m/km), RMS Gradient(m/km) - GMTED2010 
  7    31.899 52467.24801237 22.84  90.493659  73.238419 18.095
  7     4.795 52467.24801302 27.08  90.487539  73.235569 18.095
  7     9.803 52467.24801366 26.38  90.481429  73.232729 18.095
  7    10.450 52467.24801431 25.76  90.475309  73.229879 18.095
 10     4.912 52572.24802670 16.84  90.498845  73.238898  4.611
 10     5.363 52572.24802735 17.79  90.492725  73.236048  4.611
 10     6.394 52572.24802799 16.77  90.486605  73.233208  4.611
 11    25.645 52607.24798430  7.30  90.488584  73.238246  4.532
 11    24.361 52607.24798494  7.77  90.482464  73.235396  4.532
 11     7.337 52607.24798558 10.21  90.476354  73.232556  4.532
 11     5.073 52607.24798623 13.18  90.470244  73.229706  4.532
 11     5.188 52607.24798687 13.07  90.464132  73.226863  3.371
 12    26.130 52642.24798245  5.91  90.509638  73.238449  3.348
 12    24.912 52642.24798309  6.03  90.503518  73.235609  3.348
 13    26.536 52677.24796928  5.44  90.485387  73.237893  3.504
 13    19.426 52677.24796992  7.27  90.479267  73.235048  3.395
 13     6.669 52677.24797057  8.43  90.473157  73.232208  3.395
 13     7.960 52677.24797121  9.36  90.467047  73.229358  3.395
 13     8.335 52677.24797185  9.51  90.460937  73.226518  3.395
 14     8.102 52712.24800006  6.58  90.511958  73.239663  3.248
 14     9.526 52712.24800071  5.97  90.505838  73.236823  3.248
 14     9.699 52712.24800135  6.59  90.499718  73.233973  3.248
 15    22.382 52747.24802865  5.62  90.469553  73.236408  3.370
 15     7.610 52747.24802929  6.22  90.463433  73.233568  3.370
 15     5.239 52747.24802994  7.24  90.457323  73.230718  3.370
 15     5.331 52747.24803058  7.73  90.451213  73.227878  3.370
 15     8.063 52747.24803123  6.91  90.445103  73.225028  3.370
 15     8.754 52747.24803187  6.84  90.439003  73.222188  3.370
 17    26.433 52817.24804501 15.33  90.520767  73.240022 23.217
 17    23.874 52817.24804566 17.41  90.514637  73.237182 23.217
 17     9.778 52817.24804630 20.56  90.508517  73.234332 23.217
 17    10.296 52817.24804695 27.43  90.502397  73.231492 23.217
 18    31.479 52852.24809609 15.58  90.509799  73.238361 20.128
 18    29.554 52852.24809674 18.10  90.503679  73.235521 20.128
 20     0.841 52922.24808675 41.64  90.473553  73.235895 21.914
 20     0.962 52922.24808739 42.15  90.467443  73.233045 21.914
 20     0.780 52922.24808804 41.31  90.461333  73.230205 21.914
 20     0.855 52922.24808868 40.55  90.455223  73.227355 21.914
 20     0.908 52922.24808933 42.19  90.449113  73.224515 21.914
 20     0.768 52922.24808997 37.27  90.443003  73.221665 21.914
 22     5.051 52992.24807187 11.88  90.511951  73.240683  2.768
 22     5.718 52992.24807251 11.50  90.505831  73.237843  2.768
 22     6.439 52992.24807315 11.87  90.499711  73.234993  2.768
 23    24.729 53027.24803893  8.12  90.481931  73.236732  4.152
 23    21.611 53027.24803957  8.54  90.475821  73.233892  4.152
 23     7.918 53027.24804022  9.34  90.469711  73.231042  4.152
 23     7.595 53027.24804086 11.99  90.463601  73.228202  4.152
 23     8.336 53027.24804151 11.31  90.457491  73.225352  4.152
 24     5.415 53062.24804651  8.81  90.511621  73.239652  2.645
 24     5.729 53062.24804715  8.82  90.505501  73.236802  2.645
 24     6.311 53062.24804780  9.45  90.499391  73.233962  2.645
 25    22.470 53097.24807086  6.23  90.470124  73.237147  3.424
 25    21.124 53097.24807151  6.77  90.464004  73.234307  3.424
 25    21.896 53097.24807215  6.42  90.457894  73.231457  3.424
 25     4.882 53097.24807280  9.71  90.451784  73.228617  3.424
 25     7.693 53097.24807344  9.68  90.445674  73.225767  3.424
 25     4.367 53097.24807408  9.84  90.439574  73.222927  3.424
 25     4.052 53097.24807473 10.01  90.433464  73.220077  3.424
 26     5.482 53132.24804292  9.29  90.520147  73.240739  2.593
 26     6.261 53132.24804357  9.01  90.514029  73.237889  2.494
 26     6.894 53132.24804421  9.40  90.507909  73.235049  2.494
 26     7.529 53132.24804486  9.39  90.501789  73.232199  2.494
 28     8.052 53202.24812163 14.32  90.498988  73.238923 16.064
 28     8.215 53202.24812227 16.17  90.492878  73.236083 16.064
 28     6.327 53202.24812292 18.25  90.486758  73.233243 16.064
 29     0.485 53237.24809085 33.29  90.491748  73.239320 17.671
 29     0.738 53237.24809150 33.24  90.485638  73.236470 17.671
 29     0.886 53237.24809214 29.90  90.479518  73.233630 17.671
 29     0.757 53237.24809278 29.88  90.473408  73.230780 17.671
 29     0.759 53237.24809343 23.57  90.467298  73.227940 17.671
 31     6.777 53307.24811133 16.52  90.504689  73.240380  2.827
 31     7.256 53307.24811198 16.68  90.498569  73.237530  2.827
 31     7.784 53307.24811262 16.78  90.492448  73.234688  3.509
 31     7.786 53307.24811327 17.24  90.486338  73.231848  3.509
 36    24.609 53482.24812439  5.17  90.503770  73.239645  3.489
 36    24.254 53482.24812503  4.44  90.497652  73.236805  3.210
 36    22.445 53482.24812568  4.66  90.491532  73.233965  3.210
 37    30.706 53517.24812673  3.94  90.491190  73.237363  2.313
 37    30.441 53517.24812737  4.02  90.485070  73.234513  2.313
 37    26.898 53517.24812802  4.31  90.478960  73.231673  2.313
 38     7.849 53552.24814783 17.65  90.484442  73.237503 20.390
 38     8.559 53552.24814848 18.48  90.478322  73.234653 20.390
 38     9.613 53552.24814912 19.10  90.472212  73.231813 20.390
 38    10.132 53552.24814976 21.72  90.466102  73.228963 20.390
 38    10.285 53552.24815041 26.33  90.459992  73.226123 20.390
 39     0.886 53587.24810084 19.63  90.489888  73.238798  7.993
 39     0.953 53587.24810149 22.50  90.483772  73.235954 20.315
 39     1.135 53587.24810213 27.50  90.477652  73.233104 20.315
 39     1.266 53587.24810278 26.77  90.471542  73.230264 20.315
 39     9.608 53587.24810342 20.34  90.465432  73.227424 20.315
 40    31.332 53622.24806640 18.51  90.520395  73.239989 11.721
 40     4.971 53622.24806704 23.31  90.514275  73.237149 11.721
 40     4.738 53622.24806769 27.93  90.508148  73.234306 24.910
 40     1.034 53622.24806833 36.26  90.502028  73.231456 24.910
 41     1.405 53657.24809451 32.70  90.511668  73.240311  7.048
 41     1.325 53657.24809515 33.00  90.505548  73.237461  7.048
 41     1.343 53657.24809579 34.11  90.499427  73.234621  8.107
 42     6.077 53692.24808051 12.65  90.486894  73.238913  2.476
 42     6.726 53692.24808116 12.73  90.480780  73.236071  3.107
 42     7.148 53692.24808180 12.74  90.474670  73.233221  3.107
 42     7.532 53692.24808245 12.98  90.468550  73.230381  3.107
 42     7.871 53692.24808309 13.46  90.462440  73.227531  3.107
 42     7.099 53692.24808374 14.10  90.456330  73.224691  3.107
 43     5.881 53727.24800503  9.06  90.467497  73.236020  2.880
 43     6.487 53727.24800567  9.42  90.461387  73.233180  2.880
 43     5.944 53727.24800632 10.19  90.455277  73.230330  2.880
 43     6.089 53727.24800696 10.44  90.449167  73.227490  2.880
 43     6.050 53727.24800761 11.04  90.443067  73.224640  2.880
 43     6.008 53727.24800825 10.93  90.436957  73.221800  2.880
 45    22.714 53797.24797069  7.11  90.481151  73.237214  2.971
 45     8.326 53797.24797134  8.04  90.475031  73.234374  2.971
 45    19.970 53797.24797198  7.55  90.468921  73.231524  2.971
 45     8.819 53797.24797263  9.03  90.462811  73.228684  2.971
 45     9.429 53797.24797327  9.46  90.456701  73.225834  2.971
 47     8.363 53867.24802823  9.22  90.506819  73.238946  3.354
 47     9.174 53867.24802887  9.32  90.500699  73.236096  3.354
 47     9.645 53867.24802952  9.33  90.494580  73.233251  2.256
 48    31.257 53902.24805876 27.49  90.497177  73.238465 17.564
 48    29.330 53902.24805941 28.10  90.491057  73.235625 17.564
 48     5.095 53902.24806005 30.65  90.484937  73.232785 17.564
 49     7.453 53937.24809685 13.70  90.488907  73.238821  9.081
 49     6.162 53937.24809749 15.55  90.482782  73.235984 21.649
 49     8.689 53937.24809814 14.77  90.476662  73.233134 21.649
 49     9.645 53937.24809878 16.08  90.470552  73.230294 21.649
 49    10.111 53937.24809942 19.84  90.464442  73.227444 21.649
 50    29.616 53972.24806301 19.29  90.467568  73.232929 15.712
 50     9.669 53972.24806365 17.45  90.461458  73.230089 15.712
 50    10.057 53972.24806429 18.48  90.455348  73.227249 15.712
 50    10.064 53972.24806494 22.72  90.449238  73.224399 15.712
 52     4.582 54042.24807100 19.49  90.514101  73.238815  4.396
 52     5.526 54042.24807165 20.14  90.507981  73.235975  4.396
 52     5.897 54042.24807229 19.82  90.501861  73.233125  4.396
 54     4.961 54112.24800643 11.32  90.465746  73.237593  3.582
 54     5.560 54112.24800772 11.71  90.453526  73.231903  3.582
 54     5.628 54112.24800837 11.36  90.447416  73.229063  3.582
 54     5.454 54112.24800901 11.22  90.441306  73.226213  3.582
 54     5.063 54112.24800966 11.55  90.435206  73.223373  3.582
 54     8.275 54112.24801030 11.58  90.429106  73.220523  3.582
 54     5.045 54112.24801095 11.75  90.422996  73.217673  3.582
 56    22.032 54182.24799421  6.66  90.470342  73.237741  4.646
 56    20.420 54182.24799485  7.38  90.464222  73.234901  4.646
 56     7.631 54182.24799549  7.01  90.458112  73.232051  4.646
 56     7.282 54182.24799614  8.50  90.452002  73.229211  4.646
 56     4.197 54182.24799678  9.37  90.445902  73.226361  4.646
 56     7.549 54182.24799743  8.58  90.439792  73.223521  4.646
 56     7.066 54182.24799807  8.53  90.433692  73.220671  4.646
 57    31.861 54217.24801600  9.90  90.510717  73.240362  3.258
 57    25.044 54217.24801664 11.07  90.504597  73.237522  3.258
 57    30.327 54217.24801729 10.31  90.498477  73.234672  3.258
 58     7.400 54252.24804203  4.53  90.502357  73.240067  4.390
 58     7.534 54252.24804267  5.79  90.496237  73.237227  4.390
 58     9.293 54252.24804332  3.62  90.490117  73.234377  4.390
 58     9.985 54252.24804396  3.22  90.484007  73.231537  4.390
 59    24.226 54287.24804776 15.00  90.492054  73.237733 12.009
 59     8.576 54287.24804841 15.64  90.485934  73.234893 12.009
 59     9.083 54287.24804905 16.98  90.479824  73.232043 12.009
 60     4.641 54322.24804485 19.63  90.495246  73.237832 17.209
 60     1.664 54322.24804549 23.69  90.489126  73.234992 17.209
 60     1.694 54322.24804614 29.11  90.483016  73.232142 17.209
 61    32.099 54357.24800447 14.63  90.471522  73.237070 12.703
 61    31.282 54357.24800512 13.43  90.465402  73.234230 12.703
 61     9.251 54357.24800576 17.31  90.459292  73.231380 12.703
 61     9.824 54357.24800641 18.93  90.453182  73.228540 12.703
 61    10.099 54357.24800705 19.66  90.447082  73.225690 12.703
 61     9.946 54357.24800770 22.49  90.440972  73.222850 12.703
 61     9.949 54357.24800834 21.82  90.434872  73.220000 12.703
 62     0.983 54392.24798526 27.00  90.498321  73.237939  9.227
 62     0.917 54392.24798591 27.62  90.492211  73.235099  9.227
 62     0.900 54392.24798655 26.84  90.486091  73.232249  9.227
 63     4.962 54427.24795398 10.36  90.487874  73.238445  3.318
 63     5.582 54427.24795463 10.65  90.481764  73.235595  3.318
 63     5.806 54427.24795527 10.43  90.475644  73.232755  3.318
 63     6.436 54427.24795591 10.96  90.469534  73.229905  3.318
 63     6.386 54427.24795656 11.76  90.463424  73.227065  3.318
 64     4.443 54462.24796248  9.07  90.509300  73.238652  3.118
 64     5.211 54462.24796313  9.04  90.503180  73.235802  3.118
 65     8.554 54497.24796242  6.78  90.483992  73.236552  3.629
 65     6.677 54497.24796306  8.60  90.477882  73.233702  3.629
 65     6.746 54497.24796371  9.25  90.471772  73.230862  3.629
 65     5.848 54497.24796435 10.12  90.465662  73.228012  3.629
 66    26.189 54532.24797557  3.92  90.507791  73.239946  3.548
 66    23.352 54532.24797621  4.76  90.501671  73.237096  3.548
 66     9.598 54532.24797686  5.17  90.495561  73.234256  3.548
 67    27.141 54567.24796743  4.24  90.473617  73.237852  3.125
 67    21.577 54567.24796808  6.02  90.467497  73.235012  3.125
 67     9.238 54567.24796872  6.99  90.461387  73.232162  3.125
 67     9.409 54567.24796937  7.36  90.455277  73.229322  3.125
 67     8.952 54567.24797001  7.68  90.449167  73.226472  3.125
 67     9.757 54567.24797066  7.60  90.443067  73.223632  3.125
 67     9.659 54567.24797130  7.30  90.436957  73.220782  3.125
 68    31.071 54602.24797111  3.98  90.501564  73.238987  2.679
 68    29.484 54602.24797175  4.24  90.495444  73.236147  2.679
 68    24.474 54602.24797240  4.93  90.489324  73.233297  2.679
 69     6.816 54637.24798267 44.79  90.495194  73.239507 20.409
 69     6.682 54637.24798332 36.98  90.489074  73.236657 20.409
 69     6.652 54637.24798396 37.54  90.482964  73.233817 20.409
 69     6.500 54637.24798461 34.87  90.476854  73.230977 20.409
 70    31.443 54672.24798627 14.57  90.491110  73.238739 15.651
 70     8.509 54672.24798691 15.55  90.484990  73.235899 15.651
 70     9.231 54672.24798756 16.48  90.478880  73.233049 15.651
 70    10.380 54672.24798820 16.80  90.472760  73.230209 15.651
 70    10.433 54672.24798885 23.97  90.466650  73.227359 15.651
 71     1.051 54707.24794618 19.77  90.483237  73.238156 14.085
 71     1.380 54707.24794682 18.53  90.477117  73.235306 14.085
 71     1.299 54707.24794747 18.63  90.471007  73.232466 14.085
 71     5.754 54707.24794811 18.73  90.464897  73.229616 14.085
 71     9.895 54707.24794876 17.72  90.458787  73.226776 14.085
 71    10.046 54707.24794940 16.80  90.452677  73.223926 14.085
 72     4.665 54742.24795087 23.35  90.503775  73.238655  9.612
 72     1.033 54742.24795152 28.65  90.497655  73.235805  9.612
 72     1.183 54742.24795216 35.45  90.491535  73.232965  9.612
 73     5.286 54777.24792753 11.45  90.488800  73.238161  3.377
 73     5.772 54777.24792817 11.78  90.482680  73.235321  3.377
 73     6.573 54777.24792882 12.50  90.476570  73.232471  3.377
 73     7.058 54777.24792946 13.34  90.470460  73.229631  3.377
 73     7.686 54777.24793011 13.03  90.464350  73.226781  3.377
 74     4.872 54812.24794405 10.22  90.513257  73.238932  2.802
 74     5.785 54812.24794470  9.54  90.507137  73.236092  2.802
 75     8.254 54847.24792807  8.39  90.482102  73.237114  3.358
 75    20.184 54847.24792871  7.72  90.475992  73.234274  3.358
 75     8.605 54847.24792936  8.82  90.469872  73.231424  3.358
 75     8.104 54847.24793000  9.67  90.463762  73.228584  3.358
 75     8.875 54847.24793065  9.58  90.457652  73.225734  3.358
 76    27.190 54882.24794735  6.16  90.506607  73.240376  3.092
 76    25.320 54882.24794799  6.70  90.500487  73.237526  3.092
 76    24.108 54882.24794864  6.78  90.494367  73.234686  3.092
 77    22.255 54917.24793144  5.32  90.469463  73.236970  3.398
 77     8.313 54917.24793209  5.94  90.463343  73.234120  3.398
 77     6.379 54917.24793273  7.63  90.457233  73.231280  3.398
 77     7.579 54917.24793338  7.71  90.451123  73.228430  3.398
 77     8.297 54917.24793402  7.52  90.445023  73.225590  3.398
 77     8.670 54917.24793467  7.46  90.438913  73.222740  3.398
 77     8.243 54917.24793531  7.54  90.432813  73.219900  3.398
 78    25.891 54952.24794113  4.75  90.504284  73.240105  3.328
 78    24.812 54952.24794178  4.86  90.498164  73.237255  3.328
 78    22.446 54952.24794242  5.23  90.492044  73.234415  3.328
 79     0.265 54987.24796566 41.59  90.501225  73.240076 22.035
 79     0.321 54987.24796630 42.65  90.495105  73.237226 22.035
 79     0.277 54987.24796694 40.80  90.488995  73.234386 22.035
 79     0.281 54987.24796759 40.47  90.482875  73.231546 22.035
 80     5.479 55022.24795903 17.67  90.489393  73.237086 15.487
 80     8.602 55022.24795968 16.68  90.483283  73.234236 15.487
 80     9.096 55022.24796032 19.37  90.477163  73.231396 15.487
 80    10.405 55022.24796096 17.41  90.471053  73.228546 15.487
 81     1.162 55057.24795507 20.46  90.489186  73.237486 13.189
 81     5.574 55057.24795571 20.11  90.483066  73.234646 13.189
 81     6.464 55057.24795636 17.07  90.476956  73.231796 13.189
 81     6.860 55057.24795700 18.01  90.470846  73.228956 13.189
 82    32.105 55092.24791173 13.08  90.475274  73.238063 15.224
 82    31.855 55092.24791237 11.40  90.469154  73.235213 15.224
 82     9.504 55092.24791302 15.39  90.463044  73.232373 15.224
 82     9.961 55092.24791366 16.04  90.456934  73.229523 15.224
 82    11.827 55092.24791431 17.31  90.450824  73.226683 15.224
 82    11.329 55092.24791495 20.31  90.444724  73.223833 15.224
 82    10.897 55092.24791560 20.78  90.438614  73.220993 15.224
 83     0.931 55127.24789468 37.99  90.498913  73.237870 14.166
 83     0.831 55127.24789532 40.13  90.492793  73.235030 14.166
 83     0.761 55127.24789597 38.14  90.486673  73.232190 14.166
 84     5.635 55162.24787269 15.41  90.488369  73.238976  3.347
 84     7.959 55162.24787333 15.45  90.482249  73.236136  3.347
 84     8.395 55162.24787398 16.24  90.476139  73.233296  3.347
 84     8.737 55162.24787462 15.79  90.470019  73.230446  3.347
 84     8.227 55162.24787527 16.92  90.463909  73.227606  3.347
 85     5.704 55197.24788505 13.55  90.509807  73.239150  3.137
 85     6.464 55197.24788569 14.19  90.503687  73.236300  3.137
 85     7.059 55197.24788634 14.15  90.497567  73.233460  3.137
 86     5.713 55232.24787738 10.64  90.473803  73.236241  2.866
 86     7.754 55232.24787802 10.72  90.467693  73.233391  2.866
 86     7.541 55232.24787867 11.25  90.461583  73.230551  2.866
 86     7.551 55232.24787931 11.80  90.455463  73.227701  2.866
 86     7.411 55232.24787996 12.63  90.449363  73.224861  2.866
 86     8.630 55232.24788060 12.10  90.443253  73.222011  2.866
 87    24.885 55267.24788042 10.89  90.499758  73.238256  2.831
 87     6.296 55267.24788106 10.83  90.493638  73.235416  2.831
 87     6.822 55267.24788171 10.91  90.487518  73.232566  2.831
 88    22.329 55302.24785767  8.21  90.473570  73.236881  2.958
 88    21.239 55302.24785831  8.51  90.467460  73.234041  2.958
 88    18.729 55302.24785896  8.78  90.461350  73.231191  2.958
 88     7.907 55302.24785960  9.13  90.455240  73.228351  2.958
 88     8.198 55302.24786025  9.19  90.449130  73.225501  2.958
 88     8.711 55302.24786089  8.83  90.443020  73.222651  2.958
 89    30.465 55337.24785519  9.03  90.489596  73.236955  2.868
 89    29.704 55337.24785584  9.28  90.483486  73.234105  2.868
 89    22.972 55337.24785648 10.89  90.477366  73.231265  2.868
 90     9.635 55372.24784494 47.11  90.491785  73.237895 29.851
 90     9.249 55372.24784559 47.54  90.485675  73.235055 29.851
 90     9.195 55372.24784623 46.96  90.479555  73.232205 29.851
 90     9.409 55372.24784687 47.57  90.473445  73.229365 29.851
 91    32.523 55407.24786399 16.99  90.509504  73.240493 17.313
 91    31.697 55407.24786464 18.59  90.503384  73.237653 17.313
 91    30.125 55407.24786528 21.14  90.497264  73.234803 17.313
 92    31.562 55442.24786428 18.12  90.487024  73.236799 15.503
 92    30.482 55442.24786492 17.74  90.480904  73.233959 15.503
 92     9.435 55442.24786557 20.04  90.474794  73.231109 15.503
 92     9.544 55442.24786621 25.24  90.468684  73.228269 15.503
 93     1.252 55477.24780606 40.79  90.467572  73.235545 18.006
 93     1.042 55477.24780670 39.47  90.461462  73.232705 18.006
 93     1.099 55477.24780735 35.10  90.455352  73.229865 18.006
 93     1.120 55477.24780799 35.90  90.449242  73.227015 18.006
 93     0.989 55477.24780864 38.13  90.443142  73.224165 18.006
 93     1.101 55477.24780928 36.89  90.437032  73.221325 18.006
