# NaN NaN NaN ;Mean Elev.(m), Avg Gradient(m/km), RMS Gradient(m/km) - SRTM1     
#   -8.653  -0.963   6.847 ;Mean Elev.(m), Avg Gradient(m/km), RMS Gradient(m/km) - ASTER GDEM
#    5.163  -1.222   5.569 ;Mean Elev.(m), Avg Gradient(m/km), RMS Gradient(m/km) - GMTED2010 
  8     9.726 52496.58365167 20.03  90.270612  73.184442 12.784
  8     7.977 52496.58365232 19.90  90.264532  73.187292 12.784
  8    21.914 52496.58365361 18.42  90.252362  73.192982 12.784
  8    22.991 52496.58365425 17.66  90.246272  73.195832 12.784
 10     0.377 52566.58365927 26.92  90.262059  73.179496  5.274
 10     0.533 52566.58365992 23.42  90.255969  73.182346  5.274
 11    34.400 52601.58367055  4.18  90.269389  73.182396  2.931
 11    32.689 52601.58367120  4.49  90.263309  73.185246  2.931
 11    23.561 52601.58367313  8.46  90.245051  73.193782  3.253
 13    36.580 52671.58364066  2.71  90.265044  73.183058  2.805
 13    34.081 52671.58364131  2.23  90.258964  73.185898  2.805
 13    25.879 52671.58364324  4.12  90.240704  73.194438  2.805
 14    40.908 52706.58363883  0.29  90.255729  73.179977  2.520
 14    39.192 52706.58363948  0.90  90.249649  73.182817  2.520
 15    38.520 52741.58367120  1.34  90.269834  73.181014  2.506
 15    37.395 52741.58367185  1.07  90.263754  73.183864  2.506
 15    31.695 52741.58367378  1.93  90.245504  73.192404  2.506
 15    27.765 52741.58367443  2.25  90.239414  73.195254  2.506
 16     5.508 52776.58361538 22.72  90.280443  73.187748  6.927
 16     5.215 52776.58361602 20.90  90.274363  73.190598  6.927
 16     5.491 52776.58361667 14.03  90.268283  73.193448  6.927
 16     5.361 52776.58361731  8.91  90.262193  73.196288  6.927
 19     9.467 52881.58378404 26.21  90.265109  73.179353 17.081
 19     9.478 52881.58378468 20.78  90.259029  73.182203 17.081
 20     8.561 52916.58374162 24.73  90.276610  73.184116  9.684
 20     7.556 52916.58374227 24.32  90.270530  73.186966  9.684
 20     5.381 52916.58374291 23.78  90.264440  73.189816  9.684
 22    16.773 52986.58372003 12.22  90.267176  73.181953  6.290
 22     8.739 52986.58372067 12.98  90.261089  73.184797  2.793
 22    22.308 52986.58372260 12.83  90.242829  73.193337  2.793
 23    16.115 53021.58370985 11.10  90.271591  73.185186  5.000
 23    19.726 53021.58371049  9.75  90.265501  73.188026  5.000
 23    21.653 53021.58371178 10.66  90.253331  73.193722  2.460
 23    22.677 53021.58371243 10.75  90.247241  73.196572  2.460
 24    35.863 53056.58369914  5.26  90.265466  73.178865  3.265
 24    34.746 53056.58369978  4.51  90.259386  73.181715  3.265
 24    32.108 53056.58370043  4.99  90.253296  73.184565  3.265
 25    31.454 53091.58373781  5.86  90.268636  73.184719  3.208
 25    29.479 53091.58373846  5.44  90.262556  73.187569  3.208
 25    22.405 53091.58373975  6.67  90.250396  73.193259  3.208
 25    23.491 53091.58374039  7.14  90.244306  73.196109  3.208
 26    36.776 53126.58370766  4.73  90.259330  73.177992  3.214
 26    35.505 53126.58370831  4.55  90.253250  73.180842  3.214
 27     9.873 53161.58377035  7.40  90.261520  73.178673  4.906
 27     9.100 53161.58377099  9.49  90.255440  73.181513  4.906
 28     8.901 53196.58376938 22.50  90.263143  73.182808 11.880
 28     5.202 53196.58377003 27.15  90.257063  73.185648 11.880
 29     9.682 53231.58375092 16.96  90.272537  73.183575 11.375
 29     7.259 53231.58375157 21.29  90.266459  73.186414 15.341
 29     1.316 53231.58375286 31.31  90.254289  73.192114 15.341
 29     1.018 53231.58375350 26.57  90.248199  73.194954 15.341
 30     3.858 53266.58372113 22.45  90.277266  73.188513 14.464
 30     1.325 53266.58372177 24.79  90.271181  73.191360 20.695
 30     0.912 53266.58372242 25.86  90.265101  73.194200 20.695
 30     0.978 53266.58372306 27.29  90.259011  73.197050 20.695
 32     8.694 53336.58374273  9.10  90.265008  73.183176  4.242
 32     5.552 53336.58374338 11.70  90.258928  73.186026  4.242
 32     0.998 53336.58374531 12.53  90.240668  73.194566  4.242
 33     7.777 53371.58367941  9.29  90.280295  73.187172  3.210
 33     6.419 53371.58368006 10.43  90.274215  73.190022  3.210
 33     4.963 53371.58368070 10.51  90.268125  73.192862  3.210
 33     3.540 53371.58368135 10.00  90.262045  73.195712  3.210
 35     9.158 53441.58370152  6.38  90.278665  73.186254  3.959
 35    13.380 53441.58370217  6.59  90.272585  73.189094  3.959
 35     5.851 53441.58370281  7.66  90.266505  73.191944  3.959
 35     4.869 53441.58370346  8.15  90.260415  73.194794  3.959
 37    37.025 53511.58378311  1.61  90.261338  73.182089  1.968
 37    36.012 53511.58378375  1.89  90.255258  73.184929  1.968
 38     9.517 53546.58380013 27.75  90.266514  73.181876 16.339
 38     9.425 53546.58380078 21.44  90.260434  73.184726 16.339
 38    25.964 53546.58380271 16.97  90.242174  73.193266 16.339
 39     9.700 53581.58377247 17.19  90.269360  73.184052 12.373
 39     7.400 53581.58377311 19.22  90.263280  73.186902 12.373
 39     1.731 53581.58377440 21.90  90.251110  73.192592 12.373
 39     1.847 53581.58377505 21.72  90.245020  73.195442 12.373
 40    10.077 53616.58372777 20.64  90.276722  73.185828 13.653
 40     9.224 53616.58372842 22.45  90.270642  73.188668 13.653
 40     4.297 53616.58372906 22.34  90.264552  73.191518 13.653
 40    21.872 53616.58372971 21.38  90.258472  73.194368 13.653
 41     0.793 53651.58374259 36.60  90.259209  73.179978 12.429
 41     0.850 53651.58374324 36.49  90.253129  73.182818 12.429
 42    33.880 53686.58374821  8.52  90.262981  73.181429  3.795
 42    32.174 53686.58374885  8.40  90.256901  73.184279  3.795
 43    20.199 53721.58367477  7.07  90.275843  73.188411  3.757
 43     6.614 53721.58367541  9.60  90.269763  73.191251  3.757
 43     3.926 53721.58367606 11.65  90.263673  73.194101  3.757
 43     3.225 53721.58367670 11.78  90.257593  73.196951  3.757
 44    39.923 53756.58360412  1.03  90.257794  73.180046  2.669
 44    38.113 53756.58360477  1.80  90.251704  73.182886  2.669
 45    36.390 53791.58363050  3.01  90.270752  73.183504  2.529
 45    36.077 53791.58363115  2.95  90.264672  73.186344  2.529
 45    30.040 53791.58363244  3.52  90.252502  73.192044  2.529
 45    26.985 53791.58363308  4.40  90.246412  73.194894  2.529
 47    40.303 53861.58368182  0.96  90.256847  73.178575  2.012
 47    39.361 53861.58368247  1.10  90.250758  73.181420  2.324
 48    19.582 53896.58370251 17.73  90.261198  73.180371  9.835
 48    22.172 53896.58370315 18.18  90.255108  73.183221  9.835
 49     9.442 53931.58375249 23.18  90.262374  73.179055 10.599
 49     9.111 53931.58375314 18.26  90.256301  73.181898 14.498
 50     9.770 53966.58372864 20.88  90.264780  73.182810 11.099
 50     1.830 53966.58372928 23.05  90.258700  73.185650 11.099
 50     3.953 53966.58373122 23.84  90.240444  73.194199 11.683
 52     0.666 54036.58373036 24.75  90.262609  73.180069  6.306
 52     0.433 54036.58373101 24.58  90.256519  73.182919  6.306
 53    17.643 54071.58372476  9.58  90.268187  73.181735  4.242
 53    17.294 54071.58372541 10.34  90.262107  73.184585  4.242
 53    21.356 54071.58372734 13.86  90.243856  73.193129  3.160
 54     7.427 54106.58367663 11.40  90.279023  73.186980  4.999
 54     6.919 54106.58367728 10.08  90.272943  73.189830  4.999
 54     5.162 54106.58367792  9.99  90.266855  73.192674  2.448
 54    21.241 54106.58367857  9.75  90.260775  73.195524  2.448
 55    36.770 54141.58365822  2.55  90.259771  73.178404  2.602
 55    35.287 54141.58365887  2.57  90.253682  73.181250  3.212
 56    19.486 54176.58365767  3.64  90.274500  73.183660  3.168
 56    20.840 54176.58365831  3.19  90.268420  73.186510  3.168
 56    21.394 54176.58365896  4.81  90.262330  73.189350  3.168
 56    21.277 54176.58365960  6.46  90.256250  73.192200  3.168
 56    21.879 54176.58366025  7.05  90.250160  73.195050  3.168
 57    41.408 54211.58366524  6.02  90.260765  73.178534  2.352
 57    39.538 54211.58366588  7.19  90.254685  73.181384  2.352
 58    38.060 54246.58369532  5.42  90.261391  73.181213  2.162
 58    35.294 54246.58369596  5.96  90.255301  73.184053  2.162
 60     8.562 54316.58370378 25.55  90.271779  73.181601 13.181
 60     8.246 54316.58370442 20.97  90.265689  73.184441 13.181
 60     2.146 54316.58370635 22.43  90.247439  73.192991 13.181
 61     1.761 54351.58367108 33.88  90.275193  73.184505 13.561
 61     7.010 54351.58367173 23.89  90.269113  73.187355 13.561
 61     3.177 54351.58367237 26.70  90.263023  73.190195 13.561
 61     2.709 54351.58367302 29.47  90.256943  73.193045 13.561
 63    16.111 54421.58362067  7.97  90.273012  73.183516  4.243
 63    18.144 54421.58362132  6.63  90.266932  73.186366  4.243
 63     2.890 54421.58362261 12.88  90.254762  73.192056  4.243
 63     1.744 54421.58362325 12.76  90.248682  73.194906  4.243
 65    19.318 54491.58362260  3.53  90.270231  73.184095  3.375
 65    29.465 54491.58362324  3.73  90.264151  73.186945  3.375
 65     4.044 54491.58362453  8.86  90.251981  73.192635  3.375
 65     4.005 54491.58362518  8.68  90.245901  73.195485  3.375
 66    35.809 54526.58362880  1.92  90.261581  73.179801  3.159
 66    34.176 54526.58362944  1.56  90.255491  73.182641  3.159
 67    18.667 54561.58363102  4.27  90.273076  73.184783  3.148
 67    20.910 54561.58363167  4.08  90.266996  73.187633  3.148
 67    21.885 54561.58363296  6.51  90.254826  73.193323  3.148
 67    22.524 54561.58363360  7.25  90.248746  73.196173  3.148
 68    38.108 54596.58362504  6.20  90.263311  73.182186  2.170
 68    35.720 54596.58362569  7.40  90.257231  73.185026  2.170
 69    24.609 54631.58363812  8.95  90.266806  73.180082 11.836
 69    24.500 54631.58363877  8.04  90.260726  73.182932 11.836
 70     9.573 54666.58364461 23.02  90.263103  73.181905 13.281
 70     5.711 54666.58364525 27.37  90.257013  73.184755 13.281
 71     1.459 54701.58361299 48.66  90.274371  73.185932 22.180
 71     1.287 54701.58361364 50.54  90.268281  73.188772 22.180
 71     1.133 54701.58361428 49.51  90.262201  73.191622 22.180
 71     1.225 54701.58361493 46.00  90.256121  73.194472 22.180
 73     7.855 54771.58359360 12.25  90.267456  73.184819  4.976
 73     6.801 54771.58359424 11.49  90.261366  73.187669  4.976
 73     1.325 54771.58359553 16.96  90.249196  73.193369  4.976
 74    40.866 54806.58359808  0.69  90.254195  73.178885  3.214
 74    39.349 54806.58359873  0.83  90.248105  73.181725  3.214
 75    37.522 54841.58358918  3.04  90.268303  73.181803  2.725
 75    33.529 54841.58358983  3.47  90.262223  73.184653  2.725
 75    25.313 54841.58359176  5.19  90.243973  73.193193  2.725
 76    40.809 54876.58359959  2.53  90.260324  73.180298  2.344
 76    38.508 54876.58360024  3.35  90.254244  73.183148  2.344
 77    35.304 54911.58359454  2.14  90.274620  73.184443  2.506
 77    30.864 54911.58359519  3.13  90.268540  73.187293  2.506
 77    24.992 54911.58359583  3.69  90.262450  73.190143  2.506
 77    29.151 54911.58359648  3.26  90.256370  73.192983  2.506
 77    26.732 54911.58359712  4.05  90.250280  73.195833  2.506
 78    41.713 54946.58359202  0.09  90.260954  73.178285  2.205
 78    39.870 54946.58359266  1.28  90.254874  73.181125  2.205
 79    21.968 54981.58361838 13.22  90.264605  73.181489  5.654
 79    21.876 54981.58361902 12.87  90.258525  73.184329  5.654
 80    35.914 55016.58361890 22.23  90.265408  73.181712 14.441
 80    36.269 55016.58361955 18.10  90.259328  73.184552 14.441
 80    25.972 55016.58362148 15.49  90.241078  73.193092 14.441
 81     2.391 55051.58361406 22.78  90.265279  73.183326 14.649
 81     2.057 55051.58361470 27.50  90.259189  73.186176 14.649
 81     1.608 55051.58361599 30.15  90.247019  73.191866 14.649
 81     1.859 55051.58361664 20.27  90.240939  73.194716 14.649
 82     9.385 55086.58357911 23.32  90.272601  73.187570 13.928
 82    21.516 55086.58358105 26.11  90.254351  73.196110 13.928
 83     9.606 55121.58354768 22.28  90.260429  73.178838 10.054
 83     9.219 55121.58354832 18.26  90.254349  73.181688 10.054
 84     7.813 55156.58353887 16.13  90.268821  73.184301  5.011
 84     5.306 55156.58353951 16.39  90.262731  73.187151  5.011
 84     2.609 55156.58354080 16.28  90.250561  73.192841  5.011
 85    36.647 55191.58353737  5.55  90.255137  73.178537  4.262
 85    34.728 55191.58353802  5.39  90.249057  73.181377  4.262
 86    17.466 55226.58353911  7.98  90.272981  73.182182  4.583
 86    18.752 55226.58353976  7.98  90.266901  73.185032  4.583
 86    21.800 55226.58354169 10.29  90.248655  73.193574  2.290
 87    17.517 55261.58353301  7.37  90.265151  73.180715  4.465
 87    32.556 55261.58353366  7.10  90.259071  73.183565  4.465
 88    19.471 55296.58352486  8.61  90.271215  73.186173  4.148
 88    21.114 55296.58352550  8.75  90.265135  73.189023  4.148
 88    21.786 55296.58352615  8.28  90.259045  73.191873  4.148
 88    22.910 55296.58352679  8.08  90.252965  73.194713  4.148
 89    36.699 55331.58351331  9.23  90.267103  73.180804  2.200
 89    32.777 55331.58351395 10.35  90.261023  73.183654  2.200
 89    25.434 55331.58351589 11.12  90.242771  73.192189  2.108
 90     9.690 55366.58350617 29.81  90.271866  73.182441 13.522
 90     9.132 55366.58350681 28.65  90.265786  73.185291 13.522
 91     9.960 55401.58351964 24.51  90.255552  73.179592 14.708
 91     5.827 55401.58352028 28.58  90.249472  73.182442 14.708
 92    35.449 55436.58352419 18.57  90.265618  73.185047 14.581
 92     1.959 55436.58352613 25.31  90.247368  73.193587 14.581
 93     1.022 55471.58347547 28.31  90.274535  73.187974  7.717
 93     4.050 55471.58347676 24.78  90.262365  73.193664  7.717
 93     1.455 55471.58347740 25.57  90.256285  73.196514  7.717
