-120227.684    34.616     0.00    4.83
-119848.835    37.521     7.67    5.17
-119469.886    39.054     4.05    5.07
-119090.835    39.143     0.24    4.70
-118711.683    37.920    -3.22    6.95
-118332.429    33.471   -11.73   10.70
-117953.074    26.977   -17.12   12.48
-117573.617    21.721   -13.85   11.63
-117194.059    18.685    -8.00    8.62
-116814.398    18.289    -1.04    5.24
-116434.636    19.838     4.08    5.14
-116054.772    22.469     6.93    4.56
-115674.806    24.560     5.50    3.41
-115294.738    25.369     2.13    2.41
-114914.568    26.031     1.74    1.91
-114534.295    26.920     2.34    2.06
-114153.920    27.896     2.56    2.50
-113773.442    28.805     2.39    2.25
-113392.863    29.359     1.46    2.45
-113012.180    29.540     0.47    2.45
-112631.395    28.163    -3.62    3.38
-112250.507    26.790    -3.60    3.21
-111869.516    24.937    -4.86    4.09
-111488.422    23.158    -4.67    5.41
-111107.225    20.482    -7.02    5.66
-110725.925    17.912    -6.74    6.56
-110344.522    15.682    -5.85    7.40
-109963.016    14.412    -3.33    7.41
-109581.406    14.515     0.27    6.61
-109199.693    12.308    -5.78    5.97
-108817.877    11.102    -3.16    5.84
-108435.957    11.172     0.18    5.53
-108053.933    13.699     6.61    7.78
-107671.805    18.745    13.20    7.94
-107289.574    23.033    11.22    4.83
-106907.238    24.877     4.82    3.22
-106524.799    24.792    -0.22    2.86
-106142.255    23.819    -2.54    3.46
-105759.608    23.774    -0.12    4.92
-105390.932    24.164     1.06    5.59
-105027.626    24.792     1.73    5.59
-104664.229    23.574    -3.35    6.93
-104300.741    21.314    -6.22    7.59
-103937.162    20.030    -3.53    7.28
-103573.492    21.961     5.31    8.26
-103209.730    25.011     8.38    7.07
-102845.877    26.665     4.55    5.90
-102481.933    26.294    -1.02    6.61
-102117.897    26.264    -0.08    6.82
-101753.769    27.161     2.46    6.04
-101389.550    28.273     3.05    5.51
-101025.239    30.720     6.72    5.43
-100660.837    35.084    11.98    6.00
-100296.342    38.606     9.66    5.34
 -99931.756    38.530    -0.21    5.43
 -99567.078    34.494   -11.07    8.25
 -99202.308    31.533    -8.12    7.88
 -98837.445    30.091    -3.95    6.31
 -98472.491    32.620     6.93    6.98
 -98107.444    34.673     5.62    7.04
 -97742.305    36.752     5.69    7.65
 -97377.073    38.961     6.05    9.33
 -97011.749    41.753     7.64   11.21
 -96646.332    47.364    15.35   12.38
 -96280.823    55.574    22.46   11.33
 -95915.221    60.969    14.76    7.16
 -95549.527    60.773    -0.54    7.18
 -95183.739    56.509   -11.65    9.45
 -94817.859    51.059   -14.90    8.55
 -94451.886    48.773    -6.25    6.91
 -94085.820    50.025     3.42    7.75
 -93719.660    53.750    10.17    8.63
 -93353.408    58.197    12.14    7.73
 -92987.062    60.345     5.86    7.86
 -92620.623    64.172    10.44    8.92
 -92254.090    67.251     8.40   10.16
 -91887.464    67.505     0.69   10.42
 -91520.744    66.466    -2.83   11.33
 -91153.931    63.783    -7.31   11.51
 -90787.024    63.498    -0.78   10.13
 -90420.024    66.676     8.66    9.69
 -90052.929    72.372    15.52    8.22
 -89685.741    76.235    10.52    8.19
 -89318.459    80.218    10.84    8.52
 -88951.083    85.017    13.06    9.87
 -88583.612    89.912    13.32    7.80
 -88216.048    89.767    -0.39    8.46
 -87848.389    86.793    -8.09   10.98
 -87480.635    82.835   -10.76   10.26
 -87112.788    79.840    -8.14    8.22
 -86744.846    79.413    -1.16    8.10
 -86376.809    80.065     1.77    8.10
 -86008.678    77.646    -6.57    8.66
 -85640.452    75.530    -5.75    8.40
 -85272.131    71.786   -10.16    8.39
 -84903.715    66.679   -13.86    7.55
 -84535.205    63.213    -9.40    5.80
 -84166.599    63.042    -0.47    5.70
 -83797.899    65.032     5.40    7.04
 -83429.103    68.148     8.45    6.80
 -83060.212    67.622    -1.43    7.02
 -82691.226    67.083    -1.46    7.15
 -82322.144    65.399    -4.56    6.18
 -81952.967    65.259    -0.38    5.40
 -81583.695    67.327     5.60    6.35
 -81214.327    67.798     1.28    7.54
 -80844.863    68.445     1.75    8.15
 -80475.303    67.821    -1.69    8.40
 -80105.648    62.807   -13.56    8.02
 -79735.897    58.122   -12.67    5.57
 -79366.049    54.558    -9.64    3.51
 -78996.106    52.393    -5.85    1.80
 -78626.067    51.563    -2.24    1.58
 -78255.931    50.614    -2.56    1.65
 -77885.699    50.302    -0.84    1.46
 -77515.371    50.335     0.09    1.41
 -77144.947    50.576     0.65    1.41
 -76774.426    50.841     0.71    1.15
 -76403.808    51.091     0.68    0.91
 -76033.094    51.281     0.51    0.82
 -75662.283    51.429     0.40    1.06
 -75291.375    51.645     0.58    1.38
 -74920.370    51.969     0.87    1.81
 -74549.269    51.697    -0.73    2.27
 -74178.070    51.024    -1.81    2.75
 -73806.774    50.203    -2.21    3.26
 -73435.382    48.475    -4.65    4.03
 -73063.891    46.929    -4.16    3.50
 -72692.304    45.550    -3.71    2.73
 -72320.619    43.822    -4.65    2.20
 -71948.837    43.300    -1.40    2.32
 -71576.957    42.242    -2.84    2.34
 -71204.979    40.579    -4.47    2.50
 -70832.904    38.985    -4.28    2.31
 -70460.731    37.470    -4.07    1.57
 -70088.460    36.921    -1.48    1.90
 -69716.091    36.986     0.17    2.70
 -69343.624    38.154     3.14    4.55
 -68971.059    39.801     4.42    6.20
 -68598.396    42.393     6.96    6.79
 -68225.635    45.241     7.64    6.52
 -67852.775    47.839     6.97    5.41
 -67479.817    50.449     7.00    3.20
 -67106.760    51.313     2.32    1.89
 -66733.605    51.267    -0.12    1.62
 -66360.351    50.445    -2.20    1.93
 -65986.998    49.453    -2.66    1.98
 -65613.547    48.441    -2.71    1.54
 -65239.997    48.056    -1.03    1.22
 -64866.347    48.445     1.04    1.08
 -64492.599    48.122    -0.86    1.89
 -64118.752    46.826    -3.47    3.18
 -63744.805    45.729    -2.93    3.10
 -63370.759    45.161    -1.52    3.02
 -62996.614    44.961    -0.53    3.17
 -62622.369    44.366    -1.59    3.75
 -62248.025    43.976    -1.04    3.71
 -61873.581    42.912    -2.84    3.51
 -61499.037    41.709    -3.21    3.03
 -61124.394    40.661    -2.80    2.37
 -60749.651    40.059    -1.61    2.56
 -60374.808    40.197     0.37    3.08
 -59999.865    40.186    -0.03    3.14
 -59624.822    40.018    -0.45    2.85
 -59249.679    40.265     0.66    2.27
 -58874.435    41.199     2.49    1.86
 -58499.092    41.976     2.07    1.97
 -58123.647    42.896     2.45    2.48
 -57748.103    43.401     1.34    2.99
 -57372.457    42.842    -1.49    3.56
 -56996.712    42.836    -0.02    4.40
 -56620.865    43.858     2.72    5.62
 -56244.918    46.543     7.14    7.25
 -55868.869    49.305     7.34    7.45
 -55492.720    52.025     7.23    6.93
 -55116.470    56.281    11.31    7.12
 -54740.118    64.484    21.80   12.01
 -54363.666    75.864    30.23   15.83
 -53987.112    87.179    30.05   14.01
 -53610.456    88.159     2.60   14.71
 -53233.700    76.768   -30.23   24.52
 -52856.841    56.031   -55.03   25.77
 -52479.881    38.742   -45.86   15.42
 -52102.820    30.243   -22.54    6.54
 -51725.656    28.826    -3.76    4.40
 -51348.391    29.987     3.08    4.16
 -50971.024    30.896     2.41    3.21
 -50593.555    31.017     0.32    2.64
 -50215.983    30.807    -0.56    2.62
 -49838.310    31.338     1.41    3.00
 -49460.534    33.038     4.50    2.70
 -49082.656    33.346     0.82    2.45
 -48704.675    33.146    -0.53    2.85
 -48326.592    31.748    -3.70    3.07
 -47948.406    30.472    -3.37    2.41
 -47570.117    29.197    -3.37    3.08
 -47191.726    27.268    -5.10    3.63
 -46813.232    26.545    -1.91    3.84
 -46434.635    26.265    -0.74    4.18
 -46055.935    26.219    -0.12    3.88
 -45677.131    26.317     0.26    2.86
 -45298.225    26.858     1.43    2.14
 -44919.215    27.348     1.29    2.04
 -44540.102    28.032     1.80    1.96
 -44160.885    28.723     1.82    1.82
 -43781.565    28.839     0.31    2.28
 -43402.141    28.453    -1.02    2.99
 -43022.614    28.311    -0.37    3.34
 -42642.983    28.716     1.07    2.85
 -42263.247    29.953     3.26    2.34
 -41883.408    31.433     3.90    2.38
 -41503.465    31.850     1.10    2.51
 -41123.418    31.589    -0.69    2.97
 -40743.266    31.417    -0.45    3.21
 -40363.010    30.920    -1.31    3.22
 -39982.650    29.921    -2.63    2.96
 -39602.185    29.598    -0.85    2.54
 -39221.616    29.025    -1.51    1.33
 -38840.942    29.222     0.52    1.50
 -38460.164    29.995     2.03    2.51
 -38079.280    31.401     3.69    2.61
 -37698.292    32.881     3.88    2.42
 -37317.198    33.775     2.35    2.54
 -36936.000    34.039     0.69    2.66
 -36554.696    34.561     1.37    3.25
 -36173.287    36.527     5.15    4.42
 -35791.773    38.611     5.46    6.10
 -35410.153    43.551    12.94    9.72
 -35028.428    49.346    15.18   11.53
 -34646.597    58.759    24.65   13.47
 -34264.660    67.575    23.08   12.26
 -33882.618    75.545    20.86    9.96
 -33500.470    83.984    22.08    9.60
 -33118.216    90.628    17.38    9.13
 -32735.855    95.617    13.05    7.65
 -32353.389    95.539    -0.20    9.27
 -31970.816    93.735    -4.71   10.19
 -31588.138    93.492    -0.63    9.50
 -31205.352    94.945     3.79    7.87
 -30827.896    99.022    10.80    7.26
 -30464.819   103.425    12.13    6.41
 -30101.649   106.211     7.67    6.10
 -29738.386   106.874     1.83    6.08
 -29375.031   106.737    -0.38    6.35
 -29011.583   106.720    -0.05    6.51
 -28648.042   104.617    -5.79    7.96
 -28284.409   103.236    -3.80    8.73
 -27920.682   102.061    -3.23    9.05
 -27556.863   101.063    -2.74    8.57
 -27192.950   102.265     3.30    9.41
 -26828.945   105.195     8.05   10.03
 -26464.846   107.252     5.65    9.14
 -26100.654   108.055     2.21    8.80
 -25736.369   107.628    -1.17    8.92
 -25371.990   106.813    -2.24    8.95
 -25007.518   105.624    -3.26    9.26
 -24642.952   103.145    -6.80   10.88
 -24278.293    98.850   -11.78   13.05
 -23913.540    94.539   -11.82   15.07
 -23548.693    89.595   -13.55   16.89
 -23183.753    83.370   -17.06   17.35
 -22818.718    77.651   -15.67   18.26
 -22453.589    72.570   -13.92   18.67
 -22088.367    70.234    -6.40   17.07
 -21723.050    68.218    -5.52   17.43
 -21357.639    67.020    -3.28   18.77
 -20992.134    65.031    -5.44   20.50
 -20626.534    64.094    -2.56   20.75
 -20260.840    64.659     1.54   20.64
 -19895.052    64.697     0.10   18.84
 -19529.168    62.872    -4.99   16.48
 -19163.191    60.355    -6.88   14.09
 -18797.118    56.914    -9.40   12.56
 -18430.951    53.874    -8.30   10.42
 -18064.689    53.311    -1.54    9.16
 -17698.332    52.609    -1.92    6.84
 -17331.879    54.048     3.93    6.22
 -16965.332    57.340     8.98    6.92
 -16598.690    61.712    11.93    7.43
 -16231.952    65.032     9.05    6.77
 -15865.119    68.249     8.77    6.74
 -15498.191    72.275    10.97    7.31
 -15131.167    75.961    10.04    8.52
 -14764.047    79.225     8.89    8.91
 -14396.832    82.852     9.88    8.79
 -14029.521    85.633     7.57    9.45
 -13662.115    89.302     9.99   11.02
 -13294.612    92.992    10.04   12.27
 -12927.014    94.571     4.30   12.93
 -12559.320    98.593    10.94   15.88
 -12191.529   104.046    14.82   19.69
 -11823.643   111.603    20.54   24.17
 -11455.660   119.851    22.41   23.96
 -11087.581   122.472     7.12   20.97
 -10719.405   123.903     3.89   16.41
 -10351.133   123.749    -0.42   12.09
  -9982.765   122.765    -2.67    9.22
  -9614.299   118.520   -11.52    9.68
  -9245.738   111.242   -19.75   13.08
  -8877.079   104.414   -18.52   15.26
  -8508.323    95.138   -25.15   19.33
  -8139.471    84.283   -29.43   23.18
  -7770.522    70.524   -37.29   25.01
  -7401.475    51.651   -51.14   22.38
  -7032.331    38.760   -34.92   18.67
  -6663.091    29.441   -25.24   12.79
  -6293.752    28.842    -1.62   12.37
  -5924.317    34.152    14.37   15.98
  -5554.784    41.379    19.56   16.28
  -5185.153    46.109    12.80   13.75
  -4815.425    46.836     1.97   13.86
  -4445.599    40.861   -16.16   13.46
  -4075.675    33.402   -20.16   18.20
  -3705.654    25.177   -22.23   19.53
  -3335.534    14.182   -29.71   12.69
  -2965.317     8.648   -14.95    4.57
  -2595.001     7.646    -2.71    1.88
  -2224.587     7.801     0.42    1.90
  -1854.075     7.495    -0.82    2.10
  -1483.465     5.857    -4.42    2.79
  -1112.756     3.531    -6.27    3.12
   -741.949     1.882    -4.45    2.82
   -371.043     0.303    -4.26    1.14
     -0.038     0.203    -0.27    1.04
    371.065     1.991     4.82    4.65
    742.267     5.771    10.18    8.03
   1113.568    10.352    12.34   10.39
   1484.968    17.124    18.23   12.16
   1856.467    23.008    15.84   12.53
   2228.065    29.337    17.03   11.18
   2599.762    34.129    12.89    7.31
   2971.559    37.624     9.40    4.74
   3343.455    40.191     6.90    4.44
   3715.450    40.620     1.15    4.57
   4087.545    39.820    -2.15    5.93
   4459.740    39.735    -0.23    6.45
   4832.034    41.209     3.96    6.35
   5204.428    43.846     7.08    5.44
   5576.922    45.874     5.45    4.35
   5949.515    46.464     1.58    4.63
   6322.209    47.301     2.24    5.25
   6695.003    46.961    -0.91    5.18
   7067.897    46.453    -1.36    5.59
   7440.891    46.306    -0.39    6.22
   7813.986    45.432    -2.34    5.95
   8187.181    44.565    -2.32    7.25
   8560.477    42.022    -6.81    9.16
   8933.873    37.000   -13.45    9.93
   9307.370    31.568   -14.54    7.22
   9680.967    27.667   -10.44    4.78
  10054.666    23.210   -11.93    7.74
  10428.465    17.937   -14.11    8.76
  10802.366    13.044   -13.09    7.29
  11176.367     9.208   -10.26    5.56
  11550.470     6.945    -6.05    4.34
  11924.673     6.413    -1.42    4.49
  12298.979     5.145    -3.39    4.92
  12673.385     6.604     3.90    7.87
  13047.893    11.464    12.98   11.20
  13422.503    15.907    11.86   10.69
  13797.214    18.353     6.53    8.91
  14172.027    14.113   -11.31   10.59
  14546.942     7.860   -16.68    7.97
  14921.959     3.543   -11.51    4.39
  15297.078     2.372    -3.12    2.80
  15672.298     2.057    -0.84    1.09
  16047.621     2.539     1.28    1.70
  16423.047     2.907     0.98    2.43
  16798.574     3.678     2.05    3.10
  17174.204     6.460     7.41    6.38
  17549.937     8.599     5.69    8.11
  17925.772    10.094     3.98    9.08
  18301.710     9.983    -0.30    8.71
  18677.750    10.132     0.40    8.24
  19053.893    10.838     1.88    9.28
  19430.140    11.306     1.24    9.67
  19806.489    10.656    -1.73    9.02
  20182.941    12.319     4.42   11.30
  20559.497    13.922     4.26   12.79
  20936.156    13.115    -2.14   12.17
  21312.918    12.319    -2.11    9.62
  21689.783    13.103     2.08    8.05
  22066.752    17.372    11.33   10.59
  22443.825    23.836    17.14   10.34
  22821.002    32.361    22.60   11.89
  23198.282    39.319    18.44   14.96
  23575.666    45.569    16.56   15.06
  23953.154    45.160    -1.08   17.20
  24330.746    46.014     2.26   18.37
  24708.442    48.236     5.88   18.98
  25086.242    51.998     9.96   17.08
  25464.147    57.580    14.77   14.07
  25842.156    59.906     6.16   11.90
  26220.270    61.006     2.91   12.29
  26598.488    64.160     8.34   11.86
  26976.810    69.255    13.47   13.42
  27355.238    77.379    21.47   16.66
  27733.770    91.022    36.04   19.97
  28112.407   103.273    32.36   19.91
  28491.150   111.735    22.34   15.99
  28869.997   116.258    11.94   13.84
  29248.949   115.945    -0.83   15.16
  29628.007   115.664    -0.74   14.55
  30007.170   113.082    -6.81   15.06
  30386.438   106.494   -17.37   19.76
  30765.812    99.460   -18.54   21.68
  31145.292    99.622     0.43   23.15
  31524.877   103.286     9.65   23.81
  31904.569   108.391    13.45   23.38
  32284.366   110.324     5.09   24.99
  32664.268   104.845   -14.42   26.09
  33044.278    95.195   -25.39   27.50
  33424.393    87.751   -19.58   26.43
  33804.614    81.208   -17.21   24.13
  34184.942    75.961   -13.80   23.07
  34565.376    68.352   -20.00   23.65
  34945.917    57.390   -28.81   25.80
  35326.564    49.456   -20.84   22.26
  35707.318    49.276    -0.47   18.48
  36088.178    57.308    21.09   17.10
  36469.146    71.296    36.72   15.81
  36850.221    82.046    28.21   13.74
  37231.402    89.882    20.56   13.22
  37612.691    92.510     6.89   10.27
  37994.087    87.953   -11.95   13.42
  38375.590    76.997   -28.72   17.25
  38757.201    69.499   -19.65   15.87
  39138.919    66.999    -6.55   15.37
  39520.745    70.414     8.95   18.06
  39902.678    77.748    19.20   18.80
  40284.719    84.136    16.72   22.68
  40666.868    91.921    20.37   21.72
  41049.125    99.552    19.96   19.87
  41431.490   104.137    11.99   17.66
  41813.964   111.464    19.16   14.86
  42196.545   118.460    18.28   16.91
  42579.235   128.249    25.58   18.04
  42962.033   140.748    32.65   15.61
  43344.940   151.999    29.38   12.76
  43727.955   159.159    18.69    8.88
  44094.571   159.706     1.49    8.24
  44457.525   155.937   -10.38   12.00
  44820.572   146.789   -25.20   14.36
  45183.714   136.321   -28.83   14.83
  45546.950   134.695    -4.48   14.65
  45910.280   140.617    16.30   19.99
  46273.704   155.204    40.14   23.46
  46637.222   170.472    42.00   16.99
  47000.834   178.133    21.07   10.95
  47364.541   177.764    -1.01   12.04
  47728.343   178.336     1.57   14.19
  48092.239   179.142     2.21   17.73
  48456.229   181.181     5.60   20.82
  48820.315   185.914    13.00   22.32
  49184.495   189.706    10.41   22.02
  49548.770   195.206    15.10   21.06
  49913.140   204.161    24.58   20.72
  50277.605   213.534    25.72   19.07
  50642.164   218.652    14.04   14.85
  51006.820   216.802    -5.07   17.88
  51371.570   206.722   -27.64   27.36
  51736.416   190.273   -45.09   32.14
  52101.357   175.013   -41.82   29.23
  52466.393   161.206   -37.82   19.85
  52831.525   152.177   -24.73   16.14
  53196.753   148.255   -10.74   15.21
  53562.076   148.475     0.60   14.87
  53927.495   148.377    -0.27   14.41
  54293.010   143.475   -13.41   17.29
  54658.621   134.777   -23.79   20.15
  55024.327   124.872   -27.09   16.58
  55390.130   124.930     0.16   14.33
  55756.029   131.437    17.79   14.86
  56122.024   140.420    24.54   13.04
  56488.116   143.788     9.20   13.12
  56854.304   142.810    -2.67   13.60
  57220.588   136.493   -17.25   15.50
  57586.969   127.339   -24.99   13.38
  57953.447   118.103   -25.20    9.86
  58320.021   107.572   -28.73   13.78
  58686.692    92.220   -41.87   20.29
  59053.460    77.110   -41.20   20.87
  59420.324    65.803   -30.82   14.83
  59787.286    65.591    -0.58   14.58
  60154.345    78.043    33.93   22.97
  60521.501    91.874    37.67   23.33
  60888.754   103.975    32.95   13.75
  61256.105   102.561    -3.85   13.58
  61623.553    91.776   -29.35   18.24
  61991.098    76.914   -40.44   18.05
  62358.741    62.713   -38.63   16.41
  62726.481    48.976   -37.36   16.40
  63094.320    34.245   -40.05   17.77
  63462.256    21.139   -35.62   17.23
  63830.290    10.483   -28.95   12.34
  64198.422     2.906   -20.58    5.94
  64566.651     0.713    -5.96    3.23
  64934.980     0.237    -1.29    3.02
  65303.406     0.006    -0.63    2.59
  65671.930    -0.384    -1.06    2.52
  66040.553    -0.763    -1.03    2.24
  66409.274    -1.094    -0.90    1.70
  66778.094    -1.301    -0.56    1.52
  67147.012    -1.848    -1.48    1.49
  67516.029    -2.586    -2.00    1.08
  67885.145    -3.070    -1.31    0.93
  68254.360    -3.278    -0.56    0.93
  68623.673    -2.941     0.91    1.43
  68993.086    -2.033     2.46    2.11
  69362.597    -0.755     3.46    2.50
  69732.208     0.876     4.41    2.20
  70101.918     1.649     2.09    1.92
  70471.727     1.812     0.44    1.69
  70841.636     1.384    -1.16    1.58
  71211.644     1.358    -0.07    1.44
  71581.752     1.157    -0.54    1.20
  71951.959     1.521     0.98    1.80
  72322.266     1.652     0.35    2.24
  72692.673     0.929    -1.95    2.69
  73063.180     0.042    -2.39    2.91
  73433.786    -1.033    -2.90    2.26
  73804.493    -1.999    -2.61    0.41
  74175.300    -1.675     0.88    0.82
  74546.207    -1.033     1.73    1.47
  74917.215     0.461     4.03    3.09
  75288.322     1.960     4.04    4.27
  75659.531     3.736     4.78    5.10
  76030.839     6.313     6.94    6.44
  76402.249     6.737     1.14    7.61
  76773.759     8.034     3.49    7.80
  77145.370     7.638    -1.07    7.88
  77517.082     7.606    -0.08    7.30
  77888.895     9.521     5.15    7.79
  78260.808     8.252    -3.41    8.66
  78632.823     5.990    -6.08    9.05
  79004.940     2.799    -8.58    7.92
  79377.157     0.006    -7.50    3.57
  79749.476     1.441     3.85    4.55
  80121.896     3.252     4.86    4.78
  80494.418     4.647     3.74    5.10
  80867.042     3.997    -1.74    5.54
  81239.767     2.320    -4.50    5.37
  81612.594     0.360    -5.26    4.37
  81985.523    -0.600    -2.57    3.19
  82358.554    -0.023     1.55    3.78
  82731.686     0.796     2.19    4.37
  83104.922     0.900     0.28    5.04
  83478.259    -0.711    -4.32    4.24
  83851.698    -1.807    -2.93    2.86
  84225.240    -2.473    -1.78    1.41
  84598.885    -1.848     1.67    2.70
  84972.632    -0.391     3.90    4.91
  85346.482     0.891     3.43    5.77
  85720.434     1.328     1.17    5.78
  86094.490     0.960    -0.99    5.30
  86468.648    -0.425    -3.70    4.01
  86842.909    -0.622    -0.53    3.66
  87217.273     1.328     5.21    5.53
  87591.741     1.841     1.37    5.70
  87966.311     2.527     1.83    6.11
  88340.985     3.976     3.87    6.32
  88715.763     4.421     1.19    6.11
  89090.644     7.086     7.11    5.68
  89465.628     9.441     6.28    5.88
  89840.717    13.816    11.66   10.01
  90215.909    22.094    22.06   13.63
  90591.205    29.044    18.52   12.58
  90966.605    32.426     9.01    9.95
  91342.109    32.708     0.75    8.78
  91717.717    30.062    -7.04    4.73
  92093.429    29.915    -0.39    4.03
  92469.246    29.493    -1.12    4.67
  92845.166    28.500    -2.64    4.45
  93221.192    27.834    -1.77    4.00
  93597.322    27.525    -0.82    4.09
  93973.557    27.718     0.51    4.58
  94349.896    29.584     4.96    6.79
  94726.340    32.083     6.64    7.37
  95102.889    34.013     5.12    6.55
  95479.544    33.760    -0.67    6.00
  95856.303    31.238    -6.69    5.59
  96233.167    29.360    -4.99    6.25
  96610.137    27.736    -4.31    5.70
  96987.212    27.176    -1.49    4.81
  97364.393    27.174    -0.00    4.76
  97741.679    25.960    -3.22    4.69
  98119.071    23.975    -5.26    6.22
  98496.568    21.011    -7.85    7.66
  98874.172    17.785    -8.55    8.35
  99251.881    14.152    -9.62    8.17
  99629.696    10.695    -9.15    7.13
 100007.617     6.245   -11.78    6.83
 100385.645     2.271   -10.51    6.23
 100763.779    -1.063    -8.82    4.15
 101142.019    -3.413    -6.21    2.11
 101520.365    -4.411    -2.64    1.11
 101898.818    -5.039    -1.66    0.13
 102277.378    -5.003     0.10    0.22
 102656.045    -4.972     0.08    0.28
 103034.818    -4.955     0.04    0.30
 103413.698    -4.960    -0.01    0.30
 103792.685    -5.048    -0.23    0.09
 104171.779    -5.055    -0.02    0.00
 104550.981    -5.055     0.00    0.00
 104930.290    -5.055     0.00    0.00
 105309.706    -5.055     0.00    0.00
 105689.229    -5.055     0.00    0.00
 106068.860    -5.055     0.00    0.00
 106448.599    -5.055     0.00    0.00
 106828.445    -5.055     0.00    0.00
 107208.400    -5.055     0.00    0.00
 107588.462    -5.055     0.00    0.00
 107968.632    -5.055     0.00    0.00
 108348.910    -5.055     0.00    0.00
 108729.297    -5.055     0.00    0.00
 109109.792    -5.055     0.00    0.00
 109490.395    -5.055     0.00    0.00
 109871.107    -5.055     0.00    0.00
 110251.927    -5.055     0.00    0.00
 110632.856    -5.055     0.00    0.00
 111013.893    -5.055     0.00    0.00
 111395.040    -5.055     0.00    0.00
 111776.295    -5.055     0.00    0.00
 112157.660    -5.055     0.00    0.00
 112539.134    -5.055     0.00    0.00
 112920.717    -5.055     0.00    0.00
 113302.409    -5.055     0.00    0.00
 113684.210    -5.055     0.00    0.00
 114066.122    -5.055     0.00    0.00
 114448.142    -5.055     0.00    0.00
 114830.273    -5.055     0.00    0.00
 115212.513    -5.055     0.00    0.00
 115594.863    -5.055     0.00    0.00
 115977.324    -5.055     0.00    0.00
 116359.894    -5.055     0.00    0.00
 116742.574    -5.055     0.00    0.00
 117125.365    -5.055     0.00    0.00
 117508.266    -5.055     0.00    0.00
 117891.278    -5.055     0.00    0.00
 118274.400    -5.055     0.00    0.00
 118650.497    -5.055     0.00    0.00
 119013.249    -5.055     0.00    0.00
 119376.096    -5.055     0.00    0.00
 119739.038    -5.055     0.00    0.00
 120102.076    -5.055     0.00    0.00
 120465.209    -5.055     0.00    0.00
 120828.437    -5.055     0.00    0.00
 121191.760    -5.055     0.00    0.00
 121555.180    -5.055     0.00    0.00
 121918.694    -5.055     0.00    0.00
 122282.305    -5.055     0.00    0.00
 122646.011    -5.055     0.00    0.00
 123009.813    -5.055     0.00    0.00
 123373.711    -5.055     0.00    0.00
 123737.704    -5.055     0.00    0.00
 124101.794    -5.055     0.00    0.00
 124465.980    -5.055     0.00    0.00
 124830.262    -5.055     0.00    0.00
 125194.641    -5.055     0.00    0.00
 125559.116    -5.055     0.00    0.00
 125923.687    -5.055     0.00    0.00
 126288.355    -5.055     0.00    0.00
 126653.119    -5.055     0.00    0.00
 127017.980    -5.055     0.00    0.00
 127382.938    -5.055     0.00    0.00
 127747.993    -5.055     0.00    0.00
 128113.145    -5.055     0.00    0.00
 128478.393    -5.055     0.00    0.00
 128843.739    -5.055     0.00    0.00
 129209.182    -5.055     0.00    0.00
 129574.722    -5.055     0.00    0.00
