-109035.749   326.791     0.00   75.34
-108672.134   275.396  -141.35   61.33
-108308.615   242.044   -91.75   46.98
-107945.190   217.975   -66.23   29.88
-107581.861   210.920   -19.42   24.56
-107218.627   222.717    32.48   30.96
-106855.488   245.093    61.62   39.08
-106492.444   268.867    65.49   40.29
-106129.495   282.967    38.85   38.65
-105762.517   288.604    15.36   30.01
-105379.257   287.252    -3.53   20.27
-104996.108   280.678   -17.16   23.51
-104613.068   275.241   -14.20   34.87
-104230.139   264.774   -27.34   43.63
-103847.319   249.663   -39.47   48.11
-103464.610   231.114   -48.47   51.08
-103082.010   208.411   -59.34   46.68
-102699.520   185.702   -59.37   32.33
-102317.139   175.760   -26.00   26.80
-101934.868   173.901    -4.86   32.73
-101552.706   172.175    -4.52   36.69
-101170.654   163.504   -22.70   35.11
-100788.711   157.197   -16.52   29.77
-100406.876   146.637   -27.66   22.05
-100025.151   140.404   -16.33   17.87
 -99643.535   137.429    -7.80   11.66
 -99262.028   139.871     6.40   11.44
 -98880.629   144.034    10.92   12.18
 -98499.339   144.512     1.25   13.87
 -98118.158   133.303   -29.41   22.00
 -97737.085   112.126   -55.57   28.41
 -97356.120    83.937   -74.00   30.59
 -96975.264    61.123   -59.91   29.22
 -96594.515    41.016   -52.81   17.99
 -96213.875    31.095   -26.06    7.55
 -95833.343    29.308    -4.70    5.44
 -95452.919    29.792     1.27    5.33
 -95072.602    30.490     1.83    4.76
 -94692.393    31.483     2.61    4.78
 -94312.292    30.606    -2.31    5.87
 -93932.299    29.434    -3.09    6.16
 -93552.412    26.456    -7.84    6.08
 -93172.634    23.012    -9.07    7.43
 -92792.962    18.921   -10.78    8.55
 -92413.397    14.651   -11.25    7.19
 -92033.940    11.057    -9.47    5.05
 -91654.590     8.968    -5.51    3.97
 -91275.346     7.616    -3.56    3.51
 -90896.209     6.164    -3.83    2.78
 -90517.179     5.391    -2.04    2.47
 -90138.256     5.004    -1.02    2.37
 -89759.439     5.432     1.13    3.37
 -89380.728     7.915     6.56    6.39
 -89002.124     9.634     4.54    6.76
 -88623.626    10.309     1.78    6.56
 -88245.234    10.042    -0.70    5.38
 -87866.948    11.921     4.97    6.87
 -87488.769    15.796    10.24    8.39
 -87110.695    19.527     9.87    7.71
 -86732.727    22.104     6.82    7.32
 -86354.864    25.256     8.34    7.01
 -85977.108    27.185     5.11    6.52
 -85599.456    29.681     6.61    4.59
 -85221.911    30.899     3.23    2.62
 -84844.470    30.514    -1.02    2.43
 -84467.135    30.236    -0.74    2.39
 -84089.905    30.343     0.28    2.61
 -83712.780    30.118    -0.60    2.62
 -83335.760    30.210     0.24    2.60
 -82958.845    30.712     1.33    2.91
 -82582.035    31.421     1.88    2.99
 -82205.329    31.773     0.93    2.94
 -81828.728    31.590    -0.49    3.66
 -81452.232    30.693    -2.39    5.21
 -81075.840    29.288    -3.73    5.57
 -80699.553    27.694    -4.24    5.78
 -80323.369    26.087    -4.27    5.18
 -79947.290    25.237    -2.26    4.66
 -79571.316    24.214    -2.72    4.97
 -79195.445    22.063    -5.72    6.01
 -78819.678    18.573    -9.29    6.98
 -78444.015    14.429   -11.03    5.54
 -78068.455    12.178    -5.99    3.83
 -77693.000    11.661    -1.38    2.97
 -77317.648    13.505     4.91    4.69
 -76942.399    14.647     3.04    5.35
 -76567.254    15.723     2.87    5.71
 -76192.212    15.803     0.21    6.06
 -75817.274    15.402    -1.07    5.60
 -75442.438    15.135    -0.71    4.32
 -75067.706    15.169     0.09    3.46
 -74693.077    15.021    -0.39    3.31
 -74318.550    15.372     0.94    3.82
 -73944.127    17.839     6.59    5.47
 -73569.806    18.589     2.00    6.26
 -73195.588    17.004    -4.23    6.86
 -72821.472    14.883    -5.67    6.27
 -72447.459    13.259    -4.34    4.40
 -72073.548    14.050     2.12    4.76
 -71699.739    15.830     4.76    4.09
 -71326.033    15.723    -0.29    3.81
 -70952.429    15.325    -1.06    3.44
 -70578.927    15.590     0.71    3.35
 -70205.526    16.044     1.21    4.45
 -69832.228    18.463     6.48    6.12
 -69459.032    19.872     3.77    6.46
 -69085.937    20.822     2.55    6.16
 -68712.944    21.785     2.58    5.85
 -68340.052    22.976     3.19    5.92
 -67967.262    26.588     9.69    6.64
 -67594.573    33.552    18.69   11.00
 -67221.986    43.075    25.56   14.35
 -66849.499    51.713    23.19   13.53
 -66477.114    59.448    20.77    9.95
 -66104.830    67.407    21.38   11.92
 -65732.647    74.708    19.62   13.35
 -65360.564    79.460    12.77   11.75
 -64988.583    78.183    -3.43   12.60
 -64616.702    71.576   -17.77   12.70
 -64244.922    61.991   -25.78    9.28
 -63873.242    54.683   -19.66   10.30
 -63501.663    50.164   -12.16    9.22
 -63130.184    47.427    -7.37    6.92
 -62758.806    48.817     3.74    7.57
 -62387.527    50.537     4.63    6.74
 -62016.349    52.056     4.09    6.25
 -61645.271    51.922    -0.36    5.93
 -61274.293    50.158    -4.75    4.45
 -60903.415    50.117    -0.11    4.07
 -60532.636    50.704     1.58    4.44
 -60161.957    53.044     6.31    5.52
 -59791.378    55.566     6.81    5.86
 -59420.899    58.280     7.33    5.67
 -59050.519    62.146    10.44    5.62
 -58680.238    67.424    14.26    8.80
 -58310.057    73.792    17.20    9.99
 -57939.974    80.196    17.31   10.20
 -57569.991    83.367     8.57   10.21
 -57200.107    84.240     2.36   11.62
 -56830.323    83.553    -1.86   12.89
 -56460.637    81.525    -5.49   13.18
 -56091.049    81.681     0.42   12.70
 -55721.561    81.999     0.86   11.68
 -55352.171    81.737    -0.71   10.74
 -54982.880    82.234     1.35   10.02
 -54613.687    81.742    -1.33   10.21
 -54244.593    82.114     1.01    9.75
 -53875.597    81.732    -1.03    7.94
 -53506.699    79.573    -5.85    5.85
 -53137.900    79.337    -0.64    5.55
 -52769.199    80.232     2.43    6.74
 -52400.595    81.264     2.80    7.49
 -52032.090    82.126     2.34    6.74
 -51663.682    81.593    -1.45    6.70
 -51295.373    80.394    -3.26    6.79
 -50927.161    79.769    -1.70    6.75
 -50559.046    80.570     2.18    7.28
 -50191.030    81.804     3.35    7.78
 -49823.110    81.441    -0.99    7.62
 -49455.288    79.475    -5.34    7.96
 -49087.564    77.371    -5.72    7.42
 -48719.936    75.273    -5.71    5.79
 -48352.406    75.752     1.30    5.72
 -47984.973    77.790     5.55    5.14
 -47617.637    79.498     4.65    5.11
 -47250.398    80.983     4.04    4.80
 -46883.256    80.508    -1.29    5.83
 -46516.210    79.883    -1.70    7.72
 -46149.261    83.037     8.59   10.82
 -45782.409    86.083     8.30   10.80
 -45415.653    86.738     1.79    8.53
 -45048.994    85.135    -4.37    8.23
 -44682.431    81.558    -9.76    5.68
 -44315.965    80.367    -3.25    3.89
 -43949.594    81.204     2.28    3.13
 -43583.320    82.197     2.71    2.32
 -43217.142    83.690     4.08    3.65
 -42851.060    84.204     1.40    4.77
 -42485.074    82.927    -3.49    6.01
 -42119.184    82.318    -1.66    6.24
 -41753.389    85.089     7.58    9.67
 -41387.690    87.854     7.56   10.53
 -41022.087    89.029     3.21    9.18
 -40656.579    87.445    -4.33    9.93
 -40291.167    83.323   -11.28    8.77
 -39925.850    80.358    -8.12    4.96
 -39560.629    79.219    -3.12    3.18
 -39195.503    78.984    -0.65    3.23
 -38830.471    78.629    -0.97    3.44
 -38465.535    78.425    -0.56    3.34
 -38100.694    78.710     0.78    3.07
 -37735.948    76.483    -6.10    5.79
 -37371.297    73.460    -8.29    6.99
 -37006.741    69.534   -10.77    6.34
 -36642.279    66.499    -8.33    3.05
 -36277.912    66.483    -0.04    2.89
 -35913.639    66.382    -0.28    2.90
 -35549.461    66.272    -0.30    3.43
 -35185.378    65.448    -2.26    3.79
 -34821.388    64.752    -1.91    3.94
 -34457.493    64.389    -1.00    4.38
 -34093.693    65.467     2.96    5.28
 -33729.986    68.414     8.10    7.13
 -33366.373    73.317    13.49    9.57
 -33002.854    77.196    10.67   10.86
 -32639.430    79.583     6.57   10.25
 -32276.099    78.337    -3.43   10.58
 -31912.861    75.914    -6.67    9.41
 -31549.718    75.883    -0.08    7.31
 -31186.668    75.637    -0.68    6.36
 -30807.221    76.760     2.96    6.28
 -30424.194    75.758    -2.61    6.71
 -30041.276    71.921   -10.02    6.97
 -29658.465    69.552    -6.19    6.07
 -29275.763    66.285    -8.54    5.73
 -28893.168    62.784    -9.15    6.64
 -28510.681    59.560    -8.43    5.60
 -28128.302    57.200    -6.17    3.28
 -27746.030    56.665    -1.40    2.85
 -27363.866    56.264    -1.05    2.54
 -26981.809    56.588     0.85    2.31
 -26599.860    56.357    -0.61    2.40
 -26218.017    54.706    -4.32    3.21
 -25836.282    52.169    -6.65    4.27
 -25454.654    50.200    -5.16    4.35
 -25073.133    50.097    -0.27    4.88
 -24691.719    49.894    -0.53    4.66
 -24310.411    49.731    -0.43    5.16
 -23929.210    50.522     2.08    5.93
 -23548.116    52.686     5.68    7.59
 -23167.128    56.124     9.02    9.56
 -22786.247    59.660     9.28    8.92
 -22405.472    62.838     8.35   11.09
 -22024.803    62.810    -0.07   12.70
 -21644.240    55.796   -18.43   12.55
 -21263.783    48.752   -18.51    9.61
 -20883.433    44.803   -10.38    5.53
 -20503.188    45.350     1.44    5.58
 -20123.049    46.757     3.70    5.79
 -19743.016    48.967     5.82    4.18
 -19363.088    50.541     4.14    4.55
 -18983.266    53.551     7.93    6.15
 -18603.549    57.775    11.12    6.59
 -18223.937    60.190     6.36    5.84
 -17844.431    61.611     3.74    7.14
 -17465.030    62.706     2.89    8.80
 -17085.734    64.804     5.53    8.93
 -16706.543    66.529     4.55    8.02
 -16327.457    65.432    -2.89    8.52
 -15948.476    62.741    -7.10    9.97
 -15569.599    59.428    -8.74    9.56
 -15190.828    56.878    -6.73    8.59
 -14812.160    60.155     8.65   10.23
 -14433.597    65.700    14.65   11.95
 -14055.139    74.810    24.07   14.67
 -13676.785    85.859    29.20   18.30
 -13298.535    95.166    24.61   19.55
 -12920.389   104.766    25.39   21.86
 -12542.347   111.163    16.92   19.48
 -12164.409   115.668    11.92   19.78
 -11786.575   114.821    -2.24   22.36
 -11408.845   112.643    -5.77   20.59
 -11031.219   113.349     1.87   21.19
 -10653.696   110.311    -8.05   21.95
 -10276.276   107.047    -8.65   20.15
  -9898.960   101.835   -13.81   17.78
  -9521.748    97.569   -11.31   14.88
  -9144.638    89.859   -20.45   11.68
  -8767.632    85.190   -12.38    8.54
  -8390.729    82.176    -8.00    5.91
  -8013.929    80.774    -3.72    6.35
  -7637.232    78.688    -5.54    7.44
  -7260.638    75.428    -8.65    9.20
  -6884.146    71.137   -11.40   10.39
  -6507.757    65.553   -14.83    9.68
  -6131.471    61.208   -11.55    8.32
  -5755.287    57.400   -10.12    6.55
  -5379.206    54.278    -8.30    6.24
  -5003.227    51.538    -7.29    6.10
  -4627.350    47.435   -10.92    6.80
  -4251.575    42.998   -11.81    8.21
  -3875.903    40.464    -6.75    8.66
  -3500.332    37.444    -8.04    7.38
  -3124.864    36.183    -3.36    7.33
  -2749.497    35.098    -2.89    7.26
  -2374.232    35.944     2.26    6.87
  -1999.068    34.936    -2.69    7.68
  -1624.007    29.122   -15.50   11.19
  -1249.046    20.402   -23.26   14.33
   -874.187    12.243   -21.76   13.75
   -499.430     4.595   -20.41    9.05
   -124.774     0.433   -11.11    1.60
    249.782     0.543     0.29    2.08
    624.236     2.467     5.14    5.09
    998.589     5.639     8.47    8.36
   1372.841     8.325     7.18   10.21
   1746.992    10.690     6.32   10.89
   2121.043    12.008     3.52   10.88
   2494.992    13.784     4.75   11.04
   2868.842    15.522     4.65   11.59
   3242.590    16.193     1.79   11.60
   3616.239    15.546    -1.73   11.09
   3989.787    14.220    -3.55   11.08
   4363.234    13.528    -1.85   10.38
   4736.582    12.239    -3.45   10.10
   5109.829    10.488    -4.69    9.89
   5482.977     8.171    -6.21    8.93
   5856.024     6.929    -3.33    9.22
   6228.972     8.701     4.75   11.51
   6601.820    11.812     8.34   13.12
   6974.568    15.519     9.94   13.02
   7347.216    17.919     6.44   10.98
   7719.765    18.549     1.69   10.79
   8092.214    18.808     0.69   10.60
   8464.565    19.576     2.06   11.07
   8836.815    20.499     2.48   11.46
   9208.967    21.119     1.67   12.23
   9581.019    22.975     4.99   12.04
   9952.973    23.710     1.97   12.15
  10324.827    23.033    -1.82   11.70
  10696.583    23.499     1.25   12.12
  11068.239    25.658     5.81   11.95
  11439.797    30.520    13.08   11.29
  11811.256    34.797    11.51   12.93
  12182.617    38.596    10.23   11.86
  12553.879    37.624    -2.62   13.88
  12925.043    35.683    -5.23   15.56
  13296.108    30.601   -13.69   16.84
  13667.076    24.619   -16.13   14.75
  14037.945    21.128    -9.41   11.51
  14408.715    19.049    -5.61    7.02
  14779.388    19.843     2.14    4.57
  15149.963    19.556    -0.77    4.04
  15520.440    15.023   -12.24    7.38
  15890.819    10.842   -11.29    7.22
  16261.101     9.326    -4.09    6.37
  16631.284    12.275     7.96    8.64
  17001.371    13.731     3.94    9.53
  17371.359    15.413     4.55    9.27
  17741.251    14.749    -1.80   10.49
  18111.045    11.944    -7.58    9.45
  18480.742    11.293    -1.76    8.54
  18850.341    11.223    -0.19    7.78
  19219.844    13.192     5.33    8.05
  19589.249    18.839    15.29    8.52
  19958.558    22.975    11.20    8.52
  20327.769    28.056    13.76    6.94
  20696.884    32.536    12.13    7.26
  21065.902    36.857    11.71   11.33
  21434.824    41.722    13.19   14.49
  21803.649    45.225     9.50   15.38
  22172.377    50.690    14.82   15.53
  22541.009    59.235    23.18   18.15
  22909.545    64.374    13.94   16.34
  23277.984    66.054     4.56   13.61
  23646.328    64.732    -3.59   13.40
  24014.575    60.366   -11.86   11.91
  24382.726    56.452   -10.63    6.74
  24750.781    56.586     0.36    6.75
  25118.741    60.338    10.20    6.98
  25486.604    63.312     8.08    5.56
  25854.372    63.808     1.35    4.70
  26222.044    62.826    -2.67    5.22
  26589.621    60.391    -6.63    5.01
  26957.102    58.456    -5.27    4.29
  27324.487    60.095     4.46    5.69
  27691.778    65.106    13.64    7.75
  28058.973    71.261    16.76    7.52
  28426.073    75.322    11.06    5.18
  28793.077    78.568     8.84    3.59
  29159.987    78.619     0.14    3.81
  29526.802    77.676    -2.57    3.46
  29893.521    76.668    -2.75    2.93
  30260.146    75.716    -2.60    2.37
  30626.677    76.078     0.99    2.97
  30993.112    76.893     2.22    3.58
  31359.453    76.347    -1.49    4.74
  31725.699    73.224    -8.53    9.36
  32091.851    66.282   -18.96   13.20
  32457.909    58.834   -20.35   12.99
  32823.872    54.897   -10.76   10.18
  33189.741    50.565   -11.84    8.23
  33555.516    49.452    -3.04    8.09
  33921.197    50.621     3.20    8.16
  34286.784    51.752     3.09    8.36
  34652.276    55.054     9.04    8.33
  35017.675    59.009    10.82    6.32
  35382.981    62.282     8.96    3.57
  35748.192    64.475     6.00    3.47
  36113.310    65.718     3.40    3.67
  36478.334    67.176     3.99    3.19
  36843.265    68.702     4.18    1.85
  37208.102    69.226     1.44    2.00
  37572.846    68.472    -2.07    2.96
  37937.496    67.523    -2.60    3.60
  38302.054    65.830    -4.65    3.58
  38666.518    64.864    -2.65    2.37
  39030.889    65.166     0.83    2.40
  39395.167    65.761     1.63    2.31
  39759.353    66.943     3.25    2.32
  40123.445    67.801     2.36    2.70
  40487.445    68.163     0.99    2.99
  40851.352    67.368    -2.19    3.66
  41215.166    66.642    -2.00    3.54
  41578.888    65.601    -2.86    3.68
  41942.517    66.330     2.00    3.73
  42306.054    67.230     2.47    3.63
  42669.498    66.106    -3.09    3.40
  43032.850    64.786    -3.63    2.89
  43396.110    64.095    -1.90    2.69
  43768.031    65.027     2.51    3.53
  44150.919    67.841     7.35    4.25
  44533.700    69.624     4.66    4.05
  44916.377    70.637     2.65    3.70
  45298.947    71.608     2.54    4.10
  45681.412    71.092    -1.35    4.19
  46063.771    70.975    -0.30    3.89
  46446.024    70.279    -1.82    2.53
  46828.172    70.708     1.12    2.07
  47210.215    71.533     2.16    2.60
  47592.152    71.895     0.95    2.61
  47973.984    72.312     1.09    2.92
  48355.711    71.918    -1.03    3.02
  48737.333    70.999    -2.41    2.90
  49118.850    70.726    -0.71    3.13
  49500.263    70.753     0.07    3.00
  49881.570    71.363     1.60    3.68
  50262.773    71.984     1.63    4.04
  50643.871    72.560     1.51    4.12
  51024.865    71.986    -1.51    4.08
  51405.755    70.031    -5.13    3.87
  51786.540    70.765     1.93    4.34
  52167.221    70.531    -0.61    4.47
  52547.797    71.341     2.13    3.92
  52928.270    73.645     6.06    4.41
  53308.638    75.237     4.19    5.00
  53688.903    75.925     1.81    6.03
  54069.064    76.904     2.57    7.79
  54449.121    76.016    -2.34    8.33
  54829.075    74.684    -3.51    7.97
  55208.925    73.404    -3.37    7.06
  55588.671    71.911    -3.93    5.61
  55968.314    70.245    -4.39    5.92
  56347.854    69.327    -2.42    5.33
  56727.291    71.177     4.88    6.96
  57106.624    74.960     9.97    9.36
  57485.855    78.803    10.13    8.17
  57864.982    80.864     5.44    7.09
  58244.007    81.279     1.09    7.90
  58622.928    82.600     3.49    9.53
  59001.747    85.065     6.51   10.82
  59380.464    87.847     7.34   10.16
  59759.077    89.507     4.39    8.81
  60137.589    90.652     3.02    7.27
  60515.998    92.704     5.42    5.13
  60894.304    92.835     0.35    5.36
  61272.509    89.298    -9.35    9.31
  61650.611    84.848   -11.77   12.31
  62028.611    80.232   -12.21   12.65
  62406.510    79.528    -1.86   13.54
  62784.306    83.659    10.93   15.54
  63162.001    89.688    15.96   12.36
  63539.593    92.682     7.93    9.87
  63917.085    93.065     1.01    8.54
  64294.474    91.582    -3.93    9.46
  64671.762    86.658   -13.05   12.04
  65048.949    81.088   -14.77   12.90
  65426.035    75.823   -13.96   12.86
  65803.019    70.401   -14.38   12.23
  66179.902    65.096   -14.08   11.18
  66556.684    60.355   -12.58    9.41
  66933.365    58.055    -6.11    8.17
  67309.945    58.177     0.33    8.91
  67686.424    60.098     5.10   12.40
  68062.803    63.129     8.05   14.54
  68439.080    66.413     8.73   16.32
  68815.258    69.112     7.17   16.43
  69191.334    72.542     9.12   16.16
  69567.311    73.374     2.21   15.58
  69943.187    72.808    -1.51   14.50
  70318.963    70.158    -7.05   14.51
  70694.638    67.400    -7.34   12.84
  71070.213    65.129    -6.05   13.00
  71445.689    63.885    -3.31   16.74
  71821.064    60.704    -8.48   19.96
  72196.340    57.807    -7.72   23.17
  72571.516    51.296   -17.36   22.75
  72946.592    43.805   -19.97   20.18
  73321.568    36.691   -18.97   15.37
  73696.445    29.339   -19.61   11.53
  74071.223    26.112    -8.61    9.21
  74445.901    23.976    -5.70    6.28
  74820.480    23.637    -0.90    6.25
  75194.959    24.895     3.36    5.99
  75569.340    24.722    -0.46    5.68
  75943.621    23.586    -3.03    5.16
  76317.803    22.277    -3.50    4.78
  76691.887    21.532    -1.99    4.30
  77065.871    20.868    -1.78    3.27
  77439.757    20.016    -2.28    2.90
  77813.544    19.657    -0.96    2.84
  78187.233    19.171    -1.30    3.40
  78560.823    18.581    -1.58    3.43
  78934.314    18.737     0.42    3.32
  79307.708    18.616    -0.33    2.86
  79681.002    18.805     0.51    3.27
  80054.199    20.323     4.07    4.44
  80427.298    21.992     4.47    4.92
  80800.298    24.490     6.70    4.11
  81173.201    24.808     0.85    3.90
  81546.005    24.089    -1.93    3.11
  81918.712    23.706    -1.03    2.84
  82291.321    23.592    -0.31    2.68
  82663.833    23.638     0.12    2.46
  83036.247    23.718     0.22    2.23
  83408.563    23.716    -0.01    2.12
  83780.782    23.310    -1.09    2.28
  84152.903    23.839     1.42    2.84
  84524.927    24.326     1.31    3.15
  84896.854    26.361     5.47    3.69
  85268.684    27.616     3.37    3.54
  85640.417    28.926     3.52    2.94
  86012.053    29.392     1.25    2.57
  86383.592    29.025    -0.99    2.34
  86755.034    29.296     0.73    2.03
  87126.379    30.355     2.85    2.88
  87497.628    32.170     4.89    3.46
  87868.780    34.008     4.95    2.95
  88239.836    34.610     1.62    2.29
  88610.795    33.985    -1.68    2.34
  88981.657    33.750    -0.63    2.27
  89352.424    31.870    -5.07    4.54
  89723.094    28.472    -9.17    6.40
  90093.668    25.202    -8.82    6.19
  90464.146    22.011    -8.61    2.73
  90834.528    22.218     0.56    2.31
  91204.814    23.106     2.40    2.35
  91575.004    24.451     3.63    2.30
  91945.099    24.847     1.07    2.37
  92315.097    25.370     1.41    2.17
  92685.001    26.358     2.67    2.49
  93054.808    27.210     2.30    2.50
  93424.520    28.703     4.04    1.73
  93794.137    29.597     2.42    1.85
  94163.658    30.484     2.40    2.29
  94533.084    31.676     3.23    2.19
  94902.415    32.097     1.14    1.84
  95271.651    31.788    -0.84    1.73
  95640.792    31.738    -0.13    1.76
  96009.838    32.032     0.80    2.07
  96378.788    33.680     4.47    2.54
  96747.645    34.878     3.25    2.36
  97116.406    35.056     0.48    2.27
  97485.073    34.168    -2.41    2.82
  97853.645    31.823    -6.36    3.63
  98222.122    30.199    -4.41    3.84
  98590.505    29.388    -2.20    3.92
  98958.794    30.114     1.97    3.93
  99326.989    31.743     4.42    2.73
  99695.089    31.411    -0.90    2.60
 100063.095    27.683   -10.13    6.95
 100431.007    21.580   -16.59    9.63
 100798.825    15.171   -17.42    8.63
 101166.549    10.615   -12.39    5.11
 101534.179     8.233    -6.48    0.88
 101901.716     8.033    -0.55    0.46
 102269.158     7.960    -0.20    0.00
 102636.507     7.960     0.00    0.00
 103003.763     7.984     0.07    0.16
 103370.925     8.222     0.65    0.79
 103737.993     8.538     0.86    1.24
 104104.968     9.081     1.48    1.68
 104471.850     9.223     0.39    1.75
 104838.639     8.943    -0.76    1.58
 105205.334     9.263     0.87    1.76
 105571.937     9.173    -0.24    1.69
 105938.446     9.056    -0.32    1.67
 106304.862     9.665     1.66    2.52
 106671.186    14.481    13.15   10.69
 107037.417    23.033    23.35   15.39
 107403.555    31.593    23.38   14.75
 107769.600    39.135    20.60   10.04
 108135.553    37.509    -4.44   11.27
 108501.413    28.481   -24.67   14.44
 108867.181    18.714   -26.70   12.94
 109232.857    12.903   -15.89    7.64
 109598.440    14.089     3.24    8.68
 109963.931    22.927    24.18   14.08
 110329.330    31.379    23.13   12.91
 110694.637    37.227    16.01    7.38
 111059.851    34.228    -8.21    9.75
 111424.974    27.525   -18.36   10.84
 111790.005    21.510   -16.48    6.87
 112154.944    19.114    -6.56    4.11
 112519.792    20.232     3.06    4.33
 112884.547    23.501     8.96    4.59
 113249.211    27.298    10.41    6.55
 113613.784    30.731     9.41    6.11
 113978.265    32.861     5.84    6.05
 114342.655    36.411     9.74    7.36
 114706.953    41.055    12.75    9.71
 115071.160    44.195     8.62    8.25
 115435.276    45.501     3.58    6.49
 115799.301    44.284    -3.34    5.58
 116163.235    41.017    -8.98    4.65
 116527.078    37.935    -8.47    5.76
 116890.830    35.591    -6.44    5.05
 117254.491    33.521    -5.69    4.08
 117618.061    32.290    -3.38    2.86
 117981.541    33.029     2.03    3.38
 118346.438    29.602    -9.39    7.40
 118729.176    24.019   -14.59    9.60
 119111.809    18.025   -15.66    7.85
 119494.339    13.435   -12.00    2.66
 119876.765    12.397    -2.72    0.80
 120259.088    12.501     0.27    0.77
 120641.307    12.703     0.53    0.83
 121023.423    12.943     0.63    0.81
 121405.436    13.394     1.18    1.19
 121787.346    13.607     0.56    1.18
 122169.153    14.136     1.39    2.09
 122550.856    16.329     5.74    4.02
 122932.457    18.624     6.01    4.60
 123313.955    20.834     5.79    3.74
 123695.351    21.472     1.67    4.21
 124076.643    20.551    -2.42    4.49
 124457.833    21.643     2.86    4.83
 124838.921    22.943     3.41    4.49
 125219.906    23.537     1.56    3.72
 125600.789    23.810     0.72    3.50
 125981.570    23.546    -0.69    3.98
 126362.248    24.050     1.32    3.47
 126742.825    24.729     1.78    3.38
 127123.299    24.976     0.65    3.03
 127503.672    25.534     1.47    3.27
 127883.942    25.943     1.08    3.07
 128264.111    24.801    -3.00    4.40
 128644.179    21.852    -7.76    6.13
 129024.145    18.018   -10.09    5.70
 129404.009    14.589    -9.03    2.66
 129783.772    14.058    -1.40    1.96
 130163.433    14.811     1.98    2.51
 130542.993    15.179     0.97    2.81
 130922.452    15.143    -0.10    2.81
 131301.810    14.695    -1.18    2.67
 131681.067    14.716     0.05    2.96
 132060.223    15.498     2.06    3.66
 132439.279    18.034     6.69    5.10
 132818.233    20.597     6.76    5.22
 133197.087    22.651     5.42    4.27
 133575.840    22.960     0.82    3.94
 133954.492    21.001    -5.17    4.81
 134333.044    19.139    -4.92    4.61
 134711.496    18.236    -2.39    3.89
 135089.848    20.394     5.70    4.21
 135468.099    22.287     5.00    3.70
 135846.250    22.951     1.76    2.89
 136224.301    21.910    -2.76    3.62
 136602.252    20.876    -2.73    4.04
 136980.103    20.689    -0.50    4.38
 137357.854    20.600    -0.24    4.47
 137735.506    20.670     0.19    4.17
 138113.058    20.558    -0.30    3.84
 138490.510    21.241     1.81    4.05
 138867.863    22.984     4.62    3.50
 139245.116    23.553     1.51    2.22
 139622.270    22.976    -1.53    2.14
 139999.325    23.066     0.24    2.34
 140376.281    23.919     2.26    2.66
 140753.137    25.388     3.90    1.96
 141129.894    26.439     2.79    2.08
 141506.553    25.074    -3.62    3.86
 141883.112    22.240    -7.53    5.08
 142259.573    18.356   -10.32    5.16
 142635.935    15.460    -7.70    2.50
 143012.199    14.513    -2.51    1.71
 143388.363    15.468     2.54    2.87
 143764.430    16.960     3.97    3.29
 144140.398    18.374     3.76    3.59
 144516.267    20.446     5.51    3.36
 144892.038    20.290    -0.41    3.95
 145267.711    21.251     2.56    5.14
 145643.286    22.493     3.31    6.24
 146018.763    23.185     1.84    6.56
 146394.142    24.734     4.13    7.17
 146769.423    26.002     3.38    8.34
 147144.607    25.814    -0.50    8.41
 147519.692    26.824     2.69    7.67
 147894.680    26.235    -1.57    8.10
