# NaN NaN NaN ;Mean Elev.(m), Avg Gradient(m/km), RMS Gradient(m/km) - SRTM1     
#   -8.947  -2.146   5.597 ;Mean Elev.(m), Avg Gradient(m/km), RMS Gradient(m/km) - ASTER GDEM
#    6.583  -6.739  11.078 ;Mean Elev.(m), Avg Gradient(m/km), RMS Gradient(m/km) - GMTED2010 
  8    93.725 52499.58764990  0.49  88.836009  73.183653  4.613
  8    96.957 52499.58765054  0.88  88.829929  73.186493  4.613
  8    98.051 52499.58765118  1.17  88.823849  73.189343  4.613
 10    40.742 52569.58766781  2.43  88.814382  73.184294  2.078
 10    41.159 52569.58766846  1.95  88.808302  73.187134  2.078
 10    41.364 52569.58766910  1.02  88.802212  73.189984  2.078
 10    41.568 52569.58766975  1.47  88.796122  73.192834  2.078
 18     9.444 52849.58774458 18.45  88.802470  73.185452  9.534
 18     9.484 52849.58774523 17.23  88.796380  73.188302  9.534
 18     9.287 52849.58774587 16.71  88.790290  73.191152  9.534
 18     5.193 52849.58774652 18.40  88.784200  73.193992  9.534
 18     1.077 52849.58774716 26.53  88.778104  73.196835  5.228
 19    39.130 52884.58777903 10.19  88.821621  73.183083  4.660
 19    39.397 52884.58777967 12.17  88.815541  73.185933  4.660
 19    39.732 52884.58778032 12.47  88.809451  73.188783  4.660
 19    39.232 52884.58778096 14.90  88.803371  73.191623  4.660
 19    39.549 52884.58778160 15.35  88.797281  73.194473  4.660
 21    34.337 52954.58769950  3.74  88.804076  73.185170  3.280
 21    35.083 52954.58770015  3.74  88.797986  73.188020  3.280
 21    40.533 52954.58770079  2.38  88.791896  73.190870  3.280
 21    59.976 52954.58770144  1.24  88.785806  73.193710  3.280
 21    61.451 52954.58770208  2.17  88.779710  73.196560  3.204
 22     2.132 52989.58770903 13.15  88.823570  73.185646  3.656
 22     2.957 52989.58770967 13.09  88.817490  73.188496  3.656
 22     1.757 52989.58771032 13.51  88.811397  73.191341  3.651
 24     3.464 53059.58768731  8.79  88.825211  73.183907  3.309
 24     3.349 53059.58768796  8.98  88.819121  73.186757  3.309
 24     3.307 53059.58768860  8.74  88.813041  73.189597  3.309
 24     2.056 53059.58768925  9.31  88.806951  73.192447  3.309
 25     4.519 53094.58772411  7.76  88.837976  73.182001  3.382
 25     3.711 53094.58772476  8.34  88.831896  73.184841  3.382
 25     3.264 53094.58772540  8.48  88.825816  73.187691  3.382
 25     4.086 53094.58772605  8.19  88.819736  73.190541  3.382
 26     1.101 53129.58769745  8.56  88.811144  73.185652  3.191
 26     2.100 53129.58769809  7.76  88.805054  73.188492  3.191
 26     0.968 53129.58769874  7.76  88.798964  73.191342  3.191
 26     1.566 53129.58769938  7.33  88.792874  73.194192  3.191
 29     7.729 53234.58773554 17.63  88.849479  73.179889 16.202
 29     2.711 53234.58773619 18.80  88.843399  73.182739 16.202
 29     2.665 53234.58773683 17.82  88.837319  73.185589 16.202
 29     1.800 53234.58773748 19.03  88.831239  73.188429 16.202
 32     3.564 53339.58773176 12.35  88.833374  73.182695  3.642
 32     3.420 53339.58773241 12.72  88.827284  73.185545  3.642
 32     4.037 53339.58773305 12.38  88.821204  73.188395  3.642
 32     3.624 53339.58773370 12.03  88.815124  73.191235  3.642
 33     3.821 53374.58766128  9.38  88.865460  73.176682  2.830
 33     4.401 53374.58766193  9.21  88.859380  73.179532  2.830
 33     5.235 53374.58766257  9.25  88.853304  73.182376  3.251
 33     5.227 53374.58766321  9.15  88.847224  73.185226  3.251
 33     5.596 53374.58766386  9.42  88.841144  73.188076  3.251
 34     3.800 53409.58770609  7.49  88.821674  73.182708  4.070
 34     5.653 53409.58770673  6.40  88.815594  73.185558  4.070
 34     3.056 53409.58770737  7.92  88.809504  73.188398  4.070
 34     2.801 53409.58770802  8.15  88.803414  73.191248  4.070
 34     2.401 53409.58770866  8.42  88.797324  73.194098  4.070
 35     4.297 53444.58768717  6.71  88.865152  73.176840  2.382
 35     4.458 53444.58768782  7.56  88.859081  73.179688  2.660
 35     5.051 53444.58768846  7.12  88.853001  73.182538  2.660
 35     6.241 53444.58768910  6.81  88.846931  73.185388  2.660
 35     5.796 53444.58768975  6.98  88.840851  73.188238  2.660
 36     2.234 53479.58776972  5.79  88.800999  73.185684  3.359
 36     1.549 53479.58777036  6.57  88.794909  73.188534  3.359
 36     1.323 53479.58777101  5.85  88.788829  73.191384  3.359
 36     0.492 53479.58777165  6.26  88.782729  73.194224  3.359
 36    -0.047 53479.58777229  5.98  88.776639  73.197074  3.359
 40    10.733 53619.58771142 21.10  88.866995  73.175385 17.126
 40     8.364 53619.58771206 21.92  88.860925  73.178225 17.126
 40     7.749 53619.58771271 23.49  88.854851  73.181074  6.669
 40     7.082 53619.58771335 24.13  88.848771  73.183924  6.669
 40     6.309 53619.58771400 24.30  88.842691  73.186774  6.669
 42    29.965 53689.58773503  4.04  88.826066  73.183182  3.660
 42    31.015 53689.58773567  4.37  88.819986  73.186032  3.660
 42     7.837 53689.58773632  8.39  88.813906  73.188882  3.660
 42     8.029 53689.58773696  6.95  88.807816  73.191722  3.660
 43    18.356 53724.58765697  4.63  88.869692  73.175510  1.932
 43     8.468 53724.58765761  6.33  88.863612  73.178360  1.932
 43     7.769 53724.58765826  7.12  88.857539  73.181206  3.638
 43     6.894 53724.58765890  7.28  88.851459  73.184056  3.638
 43     6.171 53724.58765955  7.78  88.845379  73.186906  3.638
 44    35.542 53759.58760327  1.08  88.806815  73.186123  2.936
 44    34.311 53759.58760391  2.12  88.800725  73.188973  2.936
 44    34.159 53759.58760456  3.36  88.794635  73.191813  2.936
 44    10.935 53759.58760520  3.48  88.788545  73.194663  2.936
 46    43.494 53829.58759854  0.25  88.797654  73.186161  1.593
 46    51.163 53829.58759918  0.13  88.791564  73.189011  1.593
 47    34.180 53864.58767726  2.01  88.806051  73.184735  1.885
 47    40.509 53864.58767791  1.77  88.799971  73.187585  1.885
 47    36.370 53864.58767855  2.11  88.793881  73.190425  1.885
 47    11.992 53864.58767920  4.08  88.787791  73.193275  1.885
 47    15.960 53864.58767984  3.43  88.781701  73.196125  1.885
 48     1.953 53899.58770258 38.77  88.817742  73.184273 19.358
 48     1.552 53899.58770322 39.28  88.811662  73.187113 19.358
 48     1.606 53899.58770387 36.74  88.805572  73.189963 19.358
 48     1.436 53899.58770451 41.83  88.799492  73.192813 19.358
 51     0.938 54004.58769323 20.11  88.775641  73.195024  8.196
 51     6.910 54004.58769387 18.42  88.769551  73.197874  8.196
 53     2.650 54074.58771615 12.47  88.831518  73.183293  3.296
 53     2.931 54074.58771679 12.12  88.825438  73.186133  3.296
 53     3.052 54074.58771744 11.87  88.819351  73.188988  3.564
 53     3.052 54074.58771808 12.18  88.813271  73.191828  3.564
 54     2.804 54109.58765885 10.83  88.867848  73.176048  3.064
 54     2.920 54109.58765950 10.87  88.861768  73.178898  3.064
 54     3.694 54109.58766014 10.61  88.855698  73.181738  3.064
 54     4.755 54109.58766079 10.23  88.849618  73.184588  3.064
 54     5.378 54109.58766143 10.06  88.843538  73.187438  3.064
 55     0.650 54144.58765518  9.19  88.809108  73.184716  3.339
 55     1.935 54144.58765583  8.69  88.803028  73.187566  3.339
 55     1.246 54144.58765647  8.87  88.796938  73.190406  3.339
 55     1.376 54144.58765712  7.99  88.790848  73.193256  3.339
 55     0.756 54144.58765776  8.64  88.784758  73.196106  3.339
 56     5.388 54179.58764451  6.27  88.854459  73.178524  3.782
 56     5.000 54179.58764516  6.20  88.848379  73.181374  3.782
 56     8.991 54179.58764580  4.91  88.842309  73.184224  3.782
 56     6.168 54179.58764645  6.09  88.836229  73.187074  3.782
 60     2.242 54319.58769517 22.07  88.824630  73.185313 19.032
 60     1.114 54319.58769581 19.99  88.818550  73.188163 19.032
 60     1.093 54319.58769646 22.27  88.812460  73.191013 19.032
 62     1.967 54389.58763542 24.53  88.820924  73.184514  6.911
 62     1.714 54389.58763606 27.64  88.814844  73.187354  6.911
 62     1.796 54389.58763671 24.09  88.808754  73.190204  6.911
 62     1.771 54389.58763735 22.40  88.802674  73.193054  6.911
 63    27.097 54424.58760762  3.18  88.833069  73.184056  2.651
 63     6.863 54424.58760827  4.85  88.826979  73.186896  2.651
 63     7.728 54424.58760891  5.26  88.820899  73.189746  2.651
 65    23.909 54494.58761205  3.11  88.839312  73.181988  4.080
 65    15.436 54494.58761270  3.75  88.833232  73.184838  4.080
 65     6.603 54494.58761334  6.29  88.827152  73.187688  4.080
 65     6.988 54494.58761399  6.50  88.821072  73.190528  4.080
 66    37.043 54529.58762465  1.14  88.809127  73.187367  1.773
 66    19.226 54529.58762529  2.82  88.803037  73.190217  1.773
 66    12.178 54529.58762594  3.30  88.796942  73.193058  1.775
 67    43.259 54564.58761928  0.20  88.841701  73.184823  1.956
 67    37.839 54564.58761992  1.64  88.835621  73.187663  1.956
 68    42.136 54599.58761938  2.12  88.820602  73.184037  1.936
 68    41.394 54599.58762002  2.55  88.814522  73.186877  1.936
 68    41.285 54599.58762067  2.27  88.808432  73.189727  1.936
 68    43.382 54599.58762131  1.40  88.802342  73.192577  1.936
 69    24.813 54634.58763153  9.93  88.823978  73.182891  3.615
 69    40.802 54634.58763218  5.77  88.817898  73.185741  3.615
 69    34.041 54634.58763282  7.28  88.811808  73.188581  3.615
 69    39.014 54634.58763411  7.10  88.799638  73.194281  3.615
 73    44.560 54774.58757997  0.30  88.839294  73.181824  2.601
 73    43.198 54774.58758062  1.25  88.833214  73.184674  2.601
 73    38.212 54774.58758126  1.86  88.827134  73.187514  2.601
 73     8.199 54774.58758191  4.75  88.821044  73.190364  2.601
 74    34.148 54809.58759359  2.95  88.800412  73.186313  1.800
 74    34.378 54809.58759423  3.11  88.794322  73.189153  1.800
 74     4.190 54809.58759488  5.91  88.788232  73.192001  2.196
 75    43.953 54844.58757993  0.23  88.824793  73.187768  1.745
 75    40.461 54844.58758058  0.95  88.818713  73.190618  1.745
 79    22.742 54984.58761315  9.32  88.822041  73.182504  4.636
 79    22.000 54984.58761379 11.25  88.815951  73.185354  4.636
 79    21.710 54984.58761444 11.82  88.809871  73.188194  4.636
 79    20.248 54984.58761508 11.09  88.803781  73.191044  4.636
 79     9.605 54984.58761573 13.25  88.797694  73.193891  6.190
 82     4.622 55089.58756376 23.38  88.851156  73.179088 14.293
 82     4.481 55089.58756440 25.82  88.845076  73.181938 14.293
 82     4.617 55089.58756505 25.72  88.839006  73.184788 14.293
 82     7.504 55089.58756569 21.87  88.832916  73.187638 14.293
 84     3.262 55159.58752588 16.04  88.835047  73.183141  4.893
 84     3.074 55159.58752652 16.46  88.828967  73.185991  4.893
 84     3.015 55159.58752717 16.93  88.822877  73.188831  4.893
 84     3.394 55159.58752781 16.05  88.816797  73.191681  4.893
 85     2.619 55194.58753390 12.04  88.800922  73.186776  3.427
 85     1.777 55194.58753455 11.92  88.794832  73.189616  3.427
 85     1.156 55194.58753519 10.99  88.788738  73.192465  3.502
 85     0.630 55194.58753583 10.87  88.782648  73.195315  3.502
 86     2.791 55229.58752677 10.63  88.852031  73.177561  3.872
 86     3.796 55229.58752742 10.38  88.845951  73.180411  3.872
 86     4.027 55229.58752806 11.36  88.839881  73.183261  3.872
 86     4.027 55229.58752871 10.50  88.833801  73.186101  3.872
 86     4.152 55229.58752935 10.79  88.827711  73.188951  3.872
 87     3.451 55264.58752824  8.90  88.818864  73.184864  2.783
 87     3.257 55264.58752888  9.14  88.812774  73.187714  2.783
 87     3.322 55264.58752952  8.64  88.806694  73.190564  2.783
 87     2.735 55264.58753017  8.64  88.800607  73.193408  3.430
 88     4.491 55299.58750979  7.02  88.852583  73.178716  2.894
 88     4.386 55299.58751043  7.04  88.846513  73.181566  2.894
 88     5.152 55299.58751108  6.82  88.840433  73.184416  2.894
 88     4.925 55299.58751172  6.89  88.834343  73.187266  2.894
 89    48.213 55334.58750552  1.41  88.824120  73.185505  1.879
 89    46.656 55334.58750617  1.09  88.818040  73.188355  1.879
 89    62.603 55334.58750681  0.47  88.811950  73.191195  1.879
 91     8.921 55404.58751377 21.62  88.813764  73.184025 13.225
 91     8.946 55404.58751570 22.39  88.795504  73.192565 13.225
 91     8.758 55404.58751635 21.82  88.789411  73.195404  5.529
 92    39.222 55439.58751391  7.90  88.837604  73.181694  5.245
 92    35.376 55439.58751455  9.19  88.831524  73.184534  5.245
 92     7.015 55439.58751584 23.61  88.819354  73.190234  5.245
