# NaN NaN NaN ;Mean Elev.(m), Avg Gradient(m/km), RMS Gradient(m/km) - SRTM1     
#  -10.758  -4.622  15.282 ;Mean Elev.(m), Avg Gradient(m/km), RMS Gradient(m/km) - ASTER GDEM
#    5.055  -4.083  15.956 ;Mean Elev.(m), Avg Gradient(m/km), RMS Gradient(m/km) - GMTED2010 
  8    43.580 52486.59359000  0.32  87.181810  72.943043  4.741
  8    42.889 52486.59359064  1.40  87.175880  72.945903  4.741
 17    69.106 52801.59358312  1.79  87.156474  72.940488  2.172
 17    66.987 52801.59358376  2.15  87.150544  72.943348  2.172
 17    64.852 52801.59358440  2.00  87.144614  72.946198  2.172
 18     4.469 52836.59364986 16.97  87.158189  72.944374  6.759
 18     5.238 52836.59365050 18.67  87.152259  72.947234  6.759
 19    21.844 52871.59368939 18.77  87.175226  72.940845  6.213
 19    21.383 52871.59369004 21.98  87.169296  72.943705  6.213
 20    51.735 52906.59368349  1.03  87.182623  72.943206  4.754
 20    45.128 52906.59368413  1.56  87.176703  72.946066  4.754
 20    45.759 52906.59368478  4.61  87.170773  72.948926  4.754
 21     0.846 52941.59361417 26.21  87.157554  72.940897  7.569
 21     0.760 52941.59361481 27.85  87.151624  72.943757  7.569
 23     0.203 53011.59366692 16.31  87.178261  72.942089  4.487
 23     0.246 53011.59366756 16.25  87.172341  72.944949  4.487
 23    -0.203 53011.59366821 16.36  87.166411  72.947809  4.487
 24     0.512 53046.59363254 11.79  87.161736  72.940368  4.486
 24     0.222 53046.59363318 11.52  87.155806  72.943228  4.486
 24    -0.172 53046.59363383 11.41  87.149886  72.946088  4.486
 25     0.752 53081.59366697 11.87  87.175915  72.942450  4.085
 25     0.757 53081.59366761 11.07  87.169995  72.945310  4.085
 25     0.618 53081.59366826 11.05  87.164065  72.948170  4.085
 26    19.497 53116.59363775  7.08  87.157373  72.941029  4.600
 26     0.611 53116.59363840  8.84  87.151453  72.943889  4.600
 26     0.383 53116.59363904  9.54  87.145523  72.946749  4.600
 27    70.300 53151.59368583  1.22  87.168729  72.941262  2.048
 27    67.333 53151.59368647  2.43  87.162809  72.944122  2.048
 27    65.079 53151.59368712  2.62  87.156879  72.946982  2.048
 28    68.213 53186.59367161  4.52  87.182634  72.940670  3.851
 28    65.658 53186.59367225  5.21  87.176704  72.943530  3.851
 28    63.274 53186.59367290  6.10  87.170784  72.946390  3.851
 28    60.915 53186.59367354  7.22  87.164854  72.949250  3.851
 30     0.671 53256.59367355 27.59  87.189888  72.942924 12.761
 30     2.337 53256.59367420 21.67  87.183968  72.945784 12.761
 30     1.585 53256.59367484 20.21  87.178048  72.948644 12.761
 30     1.408 53256.59367548 18.81  87.172118  72.951504 12.761
 32    29.732 53326.59366330  2.75  87.179077  72.944045  3.366
 32     0.140 53326.59366459 17.01  87.167237  72.949765  3.366
 33     1.444 53361.59361984 12.93  87.191354  72.943855  5.531
 33     1.299 53361.59362049 12.24  87.185424  72.946715  5.531
 33     1.209 53361.59362113 12.49  87.179502  72.949578  2.622
 33     1.078 53361.59362177 12.04  87.173582  72.952438  2.622
 34     0.983 53396.59364007 11.02  87.166381  72.939296  4.750
 34     0.672 53396.59364071 11.08  87.160455  72.942161  2.616
 34     0.539 53396.59364136 10.63  87.154535  72.945021  2.616
 34     0.707 53396.59364200  9.97  87.148605  72.947881  2.616
 35     1.106 53431.59363225 11.17  87.188859  72.944787  4.449
 35     1.028 53431.59363290 10.66  87.182935  72.947643  2.656
 35     0.561 53431.59363354 10.25  87.177005  72.950503  2.656
 35     0.355 53431.59363419 10.76  87.171085  72.953363  2.656
 36     2.147 53466.59366459  7.06  87.163400  72.938906  3.056
 36     1.114 53466.59366523  9.60  87.157480  72.941766  3.056
 36     0.707 53466.59366588  9.60  87.151550  72.944626  3.056
 36     0.530 53466.59366652  9.77  87.145620  72.947486  3.056
 37     1.103 53501.59372022  7.73  87.173997  72.940365  3.305
 37     0.397 53501.59372086  8.53  87.168075  72.943220  2.570
 37     0.040 53501.59372151  8.26  87.162145  72.946080  2.570
 37     0.139 53501.59372215  7.68  87.156225  72.948940  2.570
 38    65.564 53536.59371153  7.76  87.178945  72.943510  7.097
 38    51.461 53536.59371217  9.32  87.173025  72.946370  7.097
 38    50.074 53536.59371282 10.94  87.167095  72.949230  7.097
 39     5.755 53571.59371776 18.96  87.177386  72.942001  6.524
 39     4.555 53571.59371841 19.51  87.171466  72.944861  6.524
 39     5.593 53571.59371905 19.06  87.165538  72.947723  3.992
 40     3.984 53606.59366637 20.85  87.192318  72.945863  6.211
 40     5.762 53606.59366702 16.65  87.186398  72.948724  3.594
 40     5.890 53606.59366766 17.34  87.180478  72.951584  3.594
 40     5.048 53606.59366831 17.88  87.174548  72.954444  3.594
 41    44.185 53641.59366703  2.62  87.154328  72.942095  5.313
 41     7.667 53641.59366767 11.18  87.148398  72.944955  5.313
 41     7.078 53641.59366832 18.37  87.142478  72.947815  5.313
 42     0.985 53676.59368532 17.99  87.175037  72.940068  5.387
 42     0.673 53676.59368597 20.28  87.169107  72.942928  5.387
 42     0.409 53676.59368661 19.99  87.163184  72.945787  2.972
 42     0.183 53676.59368726 19.07  87.157264  72.948647  2.972
 48    66.579 53886.59360181  0.36  87.176156  72.944696  1.761
 48    63.817 53886.59360245  0.63  87.170226  72.947563  1.597
 48    61.208 53886.59360310  0.92  87.164296  72.950423  1.597
 49    16.998 53921.59367320  6.61  87.160257  72.944164  4.422
 49     6.333 53921.59367385 16.56  87.154327  72.947024  4.422
 51     0.290 53991.59359016 29.96  87.147101  72.942451  5.951
 51    -6.375 53991.59359080 31.08  87.141181  72.945311  5.951
 51     7.769 53991.59359145 28.43  87.135244  72.948170  5.357
 53     0.327 54061.59364790 19.94  87.178631  72.944517  5.040
 53     0.563 54061.59364855 16.86  87.172711  72.947377  5.040
 53     0.210 54061.59364919 16.05  87.166781  72.950237  5.040
 54     1.430 54096.59361955 13.52  87.193214  72.943334  4.056
 54     0.812 54096.59362019 14.23  87.187294  72.946204  4.056
 54     0.358 54096.59362084 13.23  87.181374  72.949064  4.056
 54     0.077 54096.59362148 12.68  87.175444  72.951924  4.056
 55    23.174 54131.59356975  4.56  87.154446  72.942529  2.888
 55    -0.047 54131.59357104 10.47  87.142586  72.948249  2.888
 56     1.404 54166.59359239  9.45  87.183772  72.943422  2.994
 56     0.617 54166.59359303 10.62  87.177852  72.946282  2.994
 56     0.432 54166.59359368 10.13  87.171932  72.949142  2.994
 58    64.956 54236.59360938  0.24  87.163695  72.946197  1.522
 58    62.390 54236.59361002  0.65  87.157765  72.949057  1.522
 59    46.475 54271.59362824  2.20  87.182174  72.940994  5.393
 59    44.451 54271.59362889  3.35  87.176254  72.943854  5.393
 59    45.155 54271.59362953  4.03  87.170334  72.946714  5.393
 59    46.085 54271.59363018  4.86  87.164404  72.949574  5.393
 60    20.089 54306.59363069  5.09  87.178084  72.940488  5.842
 60    -1.053 54306.59363262 23.66  87.160304  72.949068  5.842
 61    26.817 54341.59361230  5.38  87.184557  72.945224  6.696
 61     5.859 54341.59361359 18.12  87.172707  72.950944  6.696
 63     0.780 54411.59355882 17.11  87.178917  72.942417  5.407
 63     0.278 54411.59355947 18.55  87.172992  72.945279  3.359
 63    -0.148 54411.59356011 18.99  87.167072  72.948139  3.359
 64    44.632 54446.59353062  0.99  87.159781  72.940811  5.027
 64    25.856 54446.59353126  6.52  87.153861  72.943671  5.027
 66     0.879 54516.59354470 10.54  87.161702  72.941259  5.810
 66     0.455 54516.59354535 10.56  87.155782  72.944119  5.810
 66     0.250 54516.59354599  9.81  87.149854  72.946976  2.532
 67     0.846 54551.59356350 10.50  87.187269  72.943252  3.765
 67     0.874 54551.59356415  9.62  87.181349  72.946112  3.765
 67     0.321 54551.59356479  9.95  87.175429  72.948972  3.765
 67    -0.013 54551.59356544  9.42  87.169499  72.951832  3.765
 68     4.898 54586.59354031  7.27  87.171902  72.941943  3.151
 68     0.859 54586.59354096  9.24  87.165982  72.944803  3.151
 68     0.796 54586.59354160  9.89  87.160052  72.947663  3.151
 69    71.291 54621.59355844  2.41  87.181046  72.940170  2.067
 69    68.699 54621.59355909  2.46  87.175126  72.943030  2.067
 69    65.596 54621.59355973  2.74  87.169196  72.945890  2.067
 69    62.371 54621.59356037  3.20  87.163276  72.948750  2.067
 70    25.506 54656.59356878 17.91  87.176003  72.942082  4.629
 70    25.216 54656.59356942 21.58  87.170083  72.944942  4.629
 70    25.187 54656.59357007 23.07  87.164153  72.947802  4.629
 71     6.155 54691.59355317 13.28  87.180330  72.943860  6.528
 71     2.389 54691.59355382 17.53  87.174400  72.946720  6.528
 71     4.570 54691.59355446 14.97  87.168480  72.949580  6.528
 72    31.017 54726.59352041  4.52  87.167289  72.939475  3.557
 72    33.288 54726.59352106  1.66  87.161369  72.942335  3.557
 72     6.894 54726.59352170 11.08  87.155439  72.945195  3.557
 72     6.736 54726.59352235 17.41  87.149509  72.948055  4.552
 74    70.089 54796.59351385  1.03  87.159076  72.939355  2.677
 74    47.177 54796.59351514  0.67  87.147217  72.945071  1.575
 74    48.677 54796.59351579  0.07  87.141287  72.947931  1.575
 75    67.876 54831.59353051  1.12  87.178994  72.941467  2.275
 75    66.121 54831.59353116  0.37  87.173064  72.944327  2.275
 75    64.063 54831.59353180  0.09  87.167144  72.947187  2.275
 75    61.766 54831.59353245  0.31  87.161214  72.950047  2.275
 76    71.955 54866.59350908  0.60  87.164954  72.939465  2.342
 76    69.293 54866.59350972  1.58  87.159034  72.942325  2.342
 76    66.181 54866.59351037  2.14  87.153106  72.945185  1.945
 76    63.666 54866.59351101  2.42  87.147176  72.948045  1.945
 77    67.245 54901.59352918  0.47  87.185273  72.942393  2.016
 77    64.982 54901.59352982  0.35  87.179353  72.945253  2.016
 77    63.004 54901.59353047  0.31  87.173433  72.948113  2.016
 77    59.815 54901.59353111  0.45  87.167503  72.950973  2.016
 80    40.197 55006.59355066  2.58  87.178692  72.941454  6.481
 80    36.488 55006.59355130  2.03  87.172772  72.944314  6.481
 82    52.697 55076.59351962  2.56  87.186789  72.942573  4.144
 82    50.319 55076.59352026  2.39  87.180869  72.945433  4.144
 82    49.520 55076.59352091  3.36  87.174939  72.948303  4.144
 83    67.374 55111.59347191  1.51  87.166500  72.941702  2.693
 83    65.318 55111.59347256  1.94  87.160580  72.944562  2.693
 83    50.601 55111.59347320  4.02  87.154650  72.947432  2.693
 84     0.468 55146.59347355 23.10  87.177776  72.941877  5.095
 84     1.185 55146.59347420 22.03  87.171846  72.944737  5.095
 84     0.746 55146.59347484 21.39  87.165926  72.947597  5.095
 86     1.607 55216.59346832 14.16  87.179011  72.943628  4.782
 86     1.527 55216.59346897 13.15  87.173091  72.946488  4.782
 86     1.234 55216.59346961 13.10  87.167161  72.949348  4.782
 87     0.675 55251.59344685 14.93  87.167647  72.940422  6.277
 87     0.603 55251.59344750 14.41  87.161727  72.943282  6.277
 87     0.371 55251.59344814 14.41  87.155803  72.946142  3.213
 88     0.917 55286.59346159 11.17  87.188283  72.942327  4.540
 88     0.570 55286.59346223 11.80  87.182363  72.945187  4.540
 88     0.612 55286.59346288 11.56  87.176433  72.948047  4.540
 88     0.424 55286.59346352 11.76  87.170513  72.950907  4.540
 89    43.873 55321.59343662  2.98  87.175771  72.942509  3.189
 89    46.525 55321.59343727  2.01  87.169851  72.945369  3.189
 89    53.805 55321.59343791  1.96  87.163921  72.948229  3.189
 90    67.648 55356.59343617  6.89  87.180214  72.941545  3.324
 90    65.381 55356.59343682  7.95  87.174294  72.944405  3.324
 90    51.439 55356.59343746  9.58  87.168364  72.947265  3.324
 90    49.012 55356.59343811 11.48  87.162434  72.950125  3.324
 92    43.180 55426.59345314  1.89  87.175112  72.942887  4.173
 92    44.406 55426.59345379  3.44  87.169182  72.945747  4.173
 92    45.124 55426.59345443  6.79  87.163262  72.948607  4.173
 93     5.427 55461.59341925 19.72  87.191153  72.943012  8.155
 93     0.602 55461.59341989 20.97  87.185233  72.945872  8.155
 93    -0.057 55461.59342054 23.24  87.179313  72.948732  8.155
 93     0.307 55461.59342118 18.96  87.173383  72.951592  8.155
