# NaN NaN NaN ;Mean Elev.(m), Avg Gradient(m/km), RMS Gradient(m/km) - SRTM1     
#   -6.817  -9.025  10.230 ;Mean Elev.(m), Avg Gradient(m/km), RMS Gradient(m/km) - ASTER GDEM
#    5.040  -1.279  12.355 ;Mean Elev.(m), Avg Gradient(m/km), RMS Gradient(m/km) - GMTED2010 
  8    37.205 52499.24408535 20.68  91.210521  72.900281  4.928
  8    36.000 52499.24408599 19.51  91.204631  72.897411  4.928
  8     6.943 52499.24408728 27.17  91.192850  72.891693  9.617
  8     6.449 52499.24408793 31.38  91.186960  72.888823  9.617
 11    48.871 52604.24408662  0.85  91.206510  72.900078  2.735
 11    44.776 52604.24408726  1.74  91.200620  72.897208  2.735
 11    34.222 52604.24408790  2.92  91.194730  72.894348  2.735
 11    32.295 52604.24408855  2.29  91.188840  72.891478  2.735
 11    19.141 52604.24408919  6.73  91.182960  72.888618  2.735
 11    11.146 52604.24408984  9.93  91.177070  72.885758  2.735
 12    52.882 52639.24406742  0.01  91.223734  72.893533  2.502
 12    49.852 52639.24406806  0.46  91.217844  72.890673  2.502
 13    47.332 52674.24406358  0.48  91.206098  72.897347  2.356
 13    33.939 52674.24406487  1.31  91.194318  72.891627  2.356
 13    21.705 52674.24406552  4.60  91.188428  72.888757  2.356
 15    44.406 52744.24410681  0.17  91.205427  72.899475  2.290
 15    38.174 52744.24410745  0.83  91.199537  72.896605  2.290
 15    34.362 52744.24410809  1.87  91.193647  72.893745  2.290
 15    31.843 52744.24410874  3.57  91.187757  72.890885  2.290
 15    19.732 52744.24410938  5.61  91.181867  72.888015  2.290
 15    17.052 52744.24411003  6.92  91.175977  72.885155  2.290
 17    32.728 52814.24412704 20.91  91.223544  72.892150 11.707
 17    33.190 52814.24412768 22.18  91.217644  72.889280 11.707
 18    38.799 52849.24418003 12.85  91.220917  72.892154 10.512
 18    37.381 52849.24418068 13.67  91.215027  72.889294 10.512
 19    36.200 52884.24421512 18.03  91.210207  72.896931  7.114
 19    18.040 52884.24421577 19.71  91.204307  72.894071  7.114
 20    52.798 52919.24417108  5.29  91.207783  72.899933  6.048
 20    46.688 52919.24417172  5.33  91.201893  72.897073  6.048
 20    22.820 52919.24417301 15.71  91.190113  72.891343  6.048
 20    23.407 52919.24417366 16.52  91.184223  72.888483  6.048
 20    21.479 52919.24417430 17.63  91.178343  72.885623  6.048
 21    53.716 52954.24413560  4.16  91.224509  72.888919  3.388
 21    50.819 52954.24413624  4.38  91.218619  72.886049  3.388
 22    52.721 52989.24414384  3.01  91.218491  72.892543  3.214
 22    49.606 52989.24414448  2.66  91.212601  72.889673  3.214
 24    46.611 53059.24412405  2.85  91.223760  72.893693  3.133
 24    50.621 53059.24412470  1.89  91.217870  72.890823  3.133
 25    48.975 53094.24416085  1.94  91.204066  72.903627  3.148
 25    45.569 53094.24416150  2.73  91.198166  72.900757  3.148
 25    33.880 53094.24416214  3.73  91.192276  72.897897  3.148
 25    31.971 53094.24416279  3.69  91.186386  72.895037  3.148
 25    29.406 53094.24416343  4.58  91.180496  72.892167  3.148
 25    16.208 53094.24416408  7.73  91.174616  72.889307  3.148
 26    40.655 53129.24413419  1.23  91.221040  72.890555  3.197
 26    38.689 53129.24413483  1.19  91.215150  72.887695  3.197
 28     8.299 53199.24420278 14.81  91.214156  72.895224  9.301
 28     8.927 53199.24420342 14.76  91.208266  72.892364  9.301
 29     3.433 53234.24417228 20.90  91.217332  72.898290  9.849
 29     4.073 53234.24417293 19.90  91.211442  72.895430  9.849
 31    51.639 53304.24420011  1.88  91.217088  72.895180  5.722
 31    34.570 53304.24420076  5.98  91.211201  72.892319  4.073
 32    33.039 53339.24416850  4.49  91.210815  72.899394  2.908
 32    28.920 53339.24416914  5.05  91.204925  72.896524  2.908
 32    20.541 53339.24417043  6.67  91.193147  72.890801  2.575
 33    43.483 53374.24409995  0.91  91.206387  72.903289  2.180
 33    36.580 53374.24410060  1.91  91.200497  72.900419  2.180
 33    34.639 53374.24410124  1.68  91.194607  72.897559  2.180
 33    32.811 53374.24410189  3.27  91.188721  72.894698  2.330
 33    11.510 53374.24410253  8.25  91.182831  72.891828  2.330
 33    10.201 53374.24410318 10.65  91.176951  72.888968  2.330
 35    34.671 53444.24412649  0.26  91.193056  72.898859  1.815
 35    31.604 53444.24412713  4.60  91.187159  72.895998  2.105
 35    11.228 53444.24412778  6.93  91.181279  72.893128  2.105
 37    39.889 53514.24421223  1.23  91.211913  72.895735  1.913
 37    37.842 53514.24421287  0.96  91.206022  72.892874  5.552
 38     8.765 53549.24423066 49.85  91.206560  72.898759  9.179
 38     9.975 53549.24423131 47.13  91.200666  72.895898 25.056
 38    10.023 53549.24423195 46.03  91.194776  72.893038 25.056
 38    10.089 53549.24423260 44.91  91.188896  72.890168 25.056
 38    10.084 53549.24423324 45.96  91.183006  72.887308 25.056
 39     3.283 53584.24419390 23.23  91.212230  72.899366  7.305
 39     3.165 53584.24419455 21.47  91.206340  72.896496  7.305
 39     3.576 53584.24419584 26.65  91.194563  72.890772 17.029
 40     3.734 53619.24415009 31.19  91.198894  72.904120  8.915
 40     3.456 53619.24415073 25.80  91.193004  72.901250  8.915
 40     3.574 53619.24415138 25.08  91.187114  72.898390  8.915
 41    53.516 53654.24417596  6.71  91.220970  72.895443  5.584
 41    37.164 53654.24417661  7.04  91.215072  72.892580  9.949
 42    36.379 53689.24417176  3.96  91.212621  72.899197  3.362
 42    25.930 53689.24417241  7.38  91.206721  72.896337  3.362
 42    25.430 53689.24417370  5.79  91.194941  72.890607  2.870
 43    46.073 53724.24409628  1.58  91.201127  72.901439  2.204
 43    42.038 53724.24409693  1.76  91.195237  72.898579  2.204
 43    33.423 53724.24409757  1.86  91.189342  72.895718  2.328
 43    29.685 53724.24409822  4.12  91.183462  72.892848  2.328
 43    12.244 53724.24409886  8.46  91.177572  72.889988  2.328
 45    49.534 53794.24405717  1.24  91.214139  72.899748  2.018
 45    46.954 53794.24405782  1.47  91.208249  72.896878  2.018
 45    36.812 53794.24405911  1.56  91.196473  72.891155  2.197
 45    32.719 53794.24405975  3.20  91.190583  72.888285  2.197
 46    53.490 53829.24403269  0.36  91.229543  72.890826  2.003
 46    50.521 53829.24403334  0.06  91.223653  72.887966  2.003
 46    43.582 53829.24403398  0.39  91.217763  72.885106  2.003
 47    39.209 53864.24411285  1.63  91.218046  72.894179  2.053
 47    37.646 53864.24411349  2.34  91.212156  72.891314  2.110
 48     2.282 53899.24413737 39.18  91.219432  72.897221 12.229
 48     2.131 53899.24413801 41.70  91.213538  72.894355 20.600
 48     0.671 53899.24413866 43.34  91.207648  72.891495 20.600
 49    10.726 53934.24418129 17.20  91.210108  72.900052  7.317
 49     7.939 53934.24418194 16.56  91.204208  72.897192  7.317
 49     5.128 53934.24418323 20.16  91.192422  72.891463 13.374
 50    37.299 53969.24415180  5.34  91.209421  72.901422  4.161
 50    25.680 53969.24415244  8.80  91.203531  72.898562  4.161
 50    22.909 53969.24415309 16.59  91.197641  72.895692  4.161
 50    22.070 53969.24415373 13.69  91.191745  72.892827 14.487
 50     2.694 53969.24415567 34.92  91.174085  72.884237 14.487
 51    39.458 54004.24412622 11.18  91.227113  72.889002  6.625
 51    37.883 54004.24412687  9.95  91.221213  72.886132  6.625
 52    54.970 54039.24415848  4.32  91.222767  72.894409  2.910
 52    52.610 54039.24415912  3.87  91.216877  72.891549  2.910
 53    48.535 54074.24415295  3.93  91.211031  72.897104  3.164
 53    33.998 54074.24415359  6.08  91.205141  72.894234  3.164
 54    47.479 54109.24409763  1.49  91.200200  72.904031  2.786
 54    40.747 54109.24409827  2.34  91.194310  72.901161  2.786
 54    33.046 54109.24409892  3.45  91.188420  72.898301  2.786
 54    31.474 54109.24409956  3.94  91.182536  72.895437  2.449
 55    50.065 54144.24409078  1.12  91.219251  72.893380  2.725
 55    48.442 54144.24409142  1.00  91.213352  72.890514  2.453
 57    44.904 54214.24409821  4.13  91.219539  72.895316  2.576
 57    42.398 54214.24409885  3.86  91.213649  72.892456  2.576
 58    44.262 54249.24412617  0.82  91.214194  72.894776  2.644
 58    37.396 54249.24412682  1.33  91.208304  72.891916  2.644
 59    12.269 54284.24413346 18.35  91.215470  72.898235 10.159
 59     7.894 54284.24413410 16.89  91.209580  72.895365 10.159
 60     9.471 54319.24413126 25.54  91.213054  72.897041  7.842
 60     4.642 54319.24413190 24.21  91.207154  72.894171  7.842
 61     3.985 54354.24409446 24.28  91.204243  72.900131  8.201
 61     4.732 54354.24409510 21.80  91.198353  72.897271  8.201
 61     4.599 54354.24409575 23.31  91.192463  72.894401  8.201
 61    11.067 54354.24409639 22.76  91.186583  72.891541  8.201
 61    11.119 54354.24409704 24.22  91.180693  72.888671  8.201
 61    12.327 54354.24409768 25.17  91.174813  72.885811  8.201
 62    54.975 54389.24407156  2.93  91.216104  72.896030  4.459
 62    50.607 54389.24407220  3.53  91.210214  72.893160  4.459
 63    47.621 54424.24404437  5.01  91.210005  72.899367  3.329
 63    31.522 54424.24404502  7.24  91.204115  72.896497  3.329
 63    24.255 54424.24404631  7.16  91.192335  72.890767  3.329
 64    38.653 54459.24404709  2.52  91.223572  72.893351  3.204
 64    37.891 54459.24404774  1.74  91.217672  72.890491  3.204
 65    38.733 54494.24404878  2.25  91.212068  72.900088  2.420
 65    37.786 54494.24404943  1.85  91.206178  72.897228  2.420
 65    34.073 54494.24405072  2.20  91.194398  72.891498  2.420
 65    32.227 54494.24405136  3.45  91.188508  72.888628  2.420
 66    43.483 54529.24406009  0.34  91.218521  72.893280  2.427
 66    46.021 54529.24406074  0.24  91.212631  72.890420  2.427
 67    42.090 54564.24405536  1.47  91.207464  72.902808  2.352
 67    37.392 54564.24405601  1.72  91.201574  72.899948  2.352
 67    35.617 54564.24405665  1.66  91.195684  72.897088  2.352
 67    33.446 54564.24405730  2.51  91.189794  72.894218  2.352
 67    30.866 54564.24405794  5.23  91.183904  72.891358  2.352
 67    26.030 54564.24405859  6.24  91.178014  72.888498  2.352
 69     8.394 54634.24406762 26.44  91.215146  72.897724 10.538
 69     8.470 54634.24406826 31.78  91.209256  72.894864 10.538
 70    13.237 54669.24407248 17.06  91.211334  72.897899  8.048
 70    11.522 54669.24407313 15.80  91.205444  72.895039  8.048
 70    10.846 54669.24407442 17.98  91.193664  72.889309  8.048
 71     3.056 54704.24403616 24.63  91.206330  72.899345 10.171
 71     3.152 54704.24403681 19.63  91.200430  72.896485 10.171
 71     3.445 54704.24403745 21.48  91.194540  72.893625 10.171
 71     3.310 54704.24403810 20.06  91.188660  72.890755 10.171
 71    11.756 54704.24403874 18.34  91.182770  72.887895 10.171
 72    52.184 54739.24403505  6.58  91.221800  72.894825  5.912
 72    52.043 54739.24403569  4.91  91.215900  72.891955  5.912
 73    49.478 54774.24401735  1.96  91.210722  72.899229  3.000
 73    46.615 54774.24401799  2.92  91.204832  72.896369  3.000
 73    32.620 54774.24401928  4.87  91.193052  72.890639  3.000
 74    54.635 54809.24402903  0.98  91.221556  72.892196  2.682
 74    38.031 54809.24402968  1.30  91.215666  72.889336  2.682
 75    48.711 54844.24401538  1.46  91.211650  72.899428  2.485
 75    44.296 54844.24401602  2.03  91.205750  72.896568  2.485
 75    33.582 54844.24401731  3.09  91.193980  72.890838  2.485
 76    47.074 54879.24403195  1.62  91.216673  72.895470  2.328
 76    45.470 54879.24403260  1.91  91.210783  72.892610  2.328
 77    44.694 54914.24401959  0.27  91.202467  72.900325  2.107
 77    35.954 54914.24402023  1.10  91.196567  72.897465  2.107
 77    33.428 54914.24402088  1.78  91.190677  72.894595  2.107
 77    29.619 54914.24402152  4.33  91.184797  72.891735  2.107
 77    21.330 54914.24402217  6.56  91.178907  72.888875  2.107
 78    38.884 54949.24402432  1.51  91.214306  72.894752  2.149
 78    37.449 54949.24402496  1.62  91.208416  72.891882  2.149
 79    46.605 54984.24404924  4.06  91.213221  72.896169  4.999
 79    30.497 54984.24404988  9.12  91.207331  72.893299  4.999
 80    13.160 55019.24404552 13.13  91.211796  72.896150  9.175
 80    11.661 55019.24404617 13.54  91.205906  72.893290  9.175
 81     5.295 55054.24404095 24.53  91.214679  72.899421 11.795
 81     4.710 55054.24404159 21.64  91.208779  72.896561 11.795
 81     9.469 55054.24404288 16.35  91.196999  72.890831 11.795
 82    34.424 55089.24400178 17.01  91.202838  72.900370  7.629
 82    10.992 55089.24400242 16.93  91.196938  72.897510  7.629
 82    11.373 55089.24400307 17.07  91.191058  72.894650  7.629
 82    11.589 55089.24400371 18.04  91.185168  72.891780  7.629
 82    12.219 55089.24400436 20.66  91.179278  72.888920  7.629
 82    12.373 55089.24400500 23.98  91.173398  72.886060  7.629
 83    37.632 55124.24397906  7.57  91.215864  72.893691  5.910
 83    34.846 55124.24397970  9.29  91.209974  72.890831  5.910
 84    36.516 55159.24396261  5.29  91.210126  72.900502  4.214
 84    31.850 55159.24396325  6.95  91.204236  72.897632  4.214
 84    20.918 55159.24396454 10.76  91.192456  72.891912  4.214
 84    19.458 55159.24396519 10.40  91.186566  72.889042  4.214
 85    55.776 55194.24396870  2.45  91.224846  72.894242  3.909
 85    51.574 55194.24396934  2.93  91.218946  72.891372  3.909
 85    35.878 55194.24396999  5.71  91.213056  72.888512  3.909
 87    38.085 55264.24396432  2.08  91.213714  72.894582  3.520
 87    36.559 55264.24396497  3.11  91.207824  72.891722  3.520
 88    36.339 55299.24394781  3.75  91.205322  72.900154  4.007
 88    35.058 55299.24394845  3.78  91.199432  72.897294  4.007
 88    33.556 55299.24394910  4.42  91.193542  72.894434  4.007
 88    32.364 55299.24394974  3.72  91.187652  72.891564  4.007
 88    19.774 55299.24395039  7.10  91.181762  72.888704  4.007
 88    12.402 55299.24395103  8.80  91.175882  72.885834  4.007
 89    48.707 55334.24394096  5.77  91.214008  72.899346  2.860
 89    39.766 55334.24394161  5.27  91.208108  72.896486  2.860
 89    34.663 55334.24394290  5.56  91.196328  72.890756  2.860
 90    12.000 55369.24393279 17.58  91.210120  72.896790  9.432
 90    11.339 55369.24393343 16.96  91.204230  72.893930  9.432
 91    37.876 55404.24394985 11.79  91.218817  72.893474  8.942
 91     9.748 55404.24395050 13.89  91.212927  72.890604  8.942
 92    35.908 55439.24395064 24.88  91.211505  72.898712  6.095
 92    34.951 55439.24395128 25.52  91.205615  72.895852  6.095
 92    31.711 55439.24395257 23.53  91.193835  72.890122  6.095
 93    46.813 55474.24389694  6.31  91.204194  72.901220  7.223
 93    43.990 55474.24389758  4.97  91.198304  72.898360  7.223
 93    28.439 55474.24389887  8.97  91.186534  72.892630  7.223
 93    24.304 55474.24389952 11.04  91.180644  72.889760  7.223
