# NaN NaN NaN ;Mean Elev.(m), Avg Gradient(m/km), RMS Gradient(m/km) - SRTM1     
#   -6.817  -9.025  10.230 ;Mean Elev.(m), Avg Gradient(m/km), RMS Gradient(m/km) - ASTER GDEM
#    5.040  -1.279  12.355 ;Mean Elev.(m), Avg Gradient(m/km), RMS Gradient(m/km) - GMTED2010 
  8  91.198740  72.894552    21.649    21.471  4 52499.24408664 27.205
 11  91.191789  72.892915    31.742    30.453  6 52604.24408823  5.422
 12  91.220789  72.892103    51.367    51.367  2 52639.24406774  0.241
 13  91.196281  72.892577    34.325    33.939  3 52674.24406466  2.515
 15  91.190702  72.892314    30.928    30.729  6 52744.24410842  3.869
 17  91.220594  72.890715    32.959    32.959  2 52814.24412736 21.591
 18  91.217972  72.890724    38.090    38.090  2 52849.24418036 13.279
 19  91.207257  72.895501    27.120    27.120  2 52884.24421544 18.951
 20  91.190115  72.891346    33.438    30.759  5 52919.24417301 14.679
 21  91.221564  72.887484    52.268    52.268  2 52954.24413592  4.271
 22  91.215546  72.891108    51.164    51.164  2 52989.24414416  2.839
 24  91.220815  72.892258    48.616    48.616  2 53059.24412437  2.396
 25  91.189331  72.896466    34.335    34.801  6 53094.24416246  4.507
 26  91.218095  72.889125    39.672    39.672  2 53129.24413451  1.210
 28  91.211211  72.893794     8.613     8.613  2 53199.24420310 14.785
 29  91.214387  72.896860     3.753     3.753  2 53234.24417261 20.429
 31  91.214145  72.893749    43.105    43.105  2 53304.24420043  4.397
 32  91.202962  72.895573    27.500    28.920  3 53339.24416936  5.505
 33  91.191665  72.896128    28.204    26.842  6 53374.24410156  6.142
 35  91.187165  72.895995    25.834    31.604  3 53444.24412713  4.712
 37  91.208967  72.894305    38.865    38.865  2 53514.24421255  1.097
 38  91.194783  72.893034     9.787    10.013  5 53549.24423195 47.139
 39  91.204378  72.895545     3.341     3.283  3 53584.24419476 24.330
 40  91.193004  72.901253     3.588     3.574  3 53619.24415073 28.277
 41  91.218021  72.894011    45.340    45.340  2 53654.24417629  6.878
 42  91.204761  72.895380    29.247    25.930  3 53689.24417262  5.930
 43  91.189349  72.895717    32.693    33.423  5 53724.24409757  4.493
 45  91.202361  72.894016    41.505    41.883  4 53794.24405846  1.942
 46  91.223653  72.887966    49.198    50.521  3 53829.24403334  0.273
 47  91.215101  72.892746    38.428    38.428  2 53864.24411317  1.999
 48  91.213539  72.894357     1.695     2.131  3 53899.24413801 41.727
 49  91.202246  72.896236     7.931     7.939  3 53934.24418215 18.272
 50  91.197642  72.895694    22.130    22.909  5 53969.24415309 28.041
 51  91.224163  72.887567    38.670    38.670  2 54004.24412655 10.608
 52  91.219822  72.892979    53.790    53.790  2 54039.24415880  4.101
 53  91.208086  72.895669    41.267    41.267  2 54074.24415327  5.137
 54  91.191366  72.899732    38.187    36.897  4 54109.24409860  2.908
 55  91.216302  72.891947    49.254    49.254  2 54144.24409110  1.060
 57  91.216594  72.893886    43.651    43.651  2 54214.24409853  3.997
 58  91.211249  72.893346    40.829    40.829  2 54249.24412650  1.082
 59  91.212525  72.896800    10.081    10.081  2 54284.24413378 17.681
 60  91.210104  72.895606     7.056     7.056  2 54319.24413158 24.926
 61  91.189525  72.892971     7.971     8.156  6 54354.24409607 23.727
 62  91.213159  72.894595    52.791    52.791  2 54389.24407188  3.240
 63  91.202152  72.895544    34.466    31.522  3 54424.24404523  6.585
 64  91.220622  72.891921    38.272    38.272  2 54459.24404741  2.147
 65  91.200288  72.894360    35.705    35.929  4 54494.24405007  2.481
 66  91.215576  72.891850    44.752    44.752  2 54529.24406041  0.290
 67  91.192739  72.895653    34.240    34.060  6 54564.24405698  3.579
 69  91.212201  72.896294     8.432     8.432  2 54634.24406794 29.884
 70  91.203481  72.894082    11.868    11.522  3 54669.24407334 17.037
 71  91.194545  72.893624     4.944     3.443  5 54704.24403745 21.414
 72  91.218850  72.893390    52.113    52.113  2 54739.24403537  5.825
 73  91.202869  72.895412    42.905    46.615  3 54774.24401821  3.423
 74  91.218611  72.890766    46.333    46.333  2 54809.24402935  1.143
 75  91.203793  72.895611    42.196    44.296  3 54844.24401624  2.247
 76  91.213728  72.894040    46.272    46.272  2 54879.24403228  1.767
 77  91.190686  72.894596    33.005    33.389  5 54914.24402088  3.463
 78  91.211361  72.893317    38.166    38.166  2 54949.24402464  1.565
 79  91.210276  72.894734    38.551    38.551  2 54984.24404956  7.289
 80  91.208851  72.894720    12.410    12.410  2 55019.24404585 13.340
 81  91.206819  72.895604     6.491     5.295  3 55054.24404181 21.976
 82  91.188113  72.893215    15.495    11.541  6 55089.24400339 19.857
 83  91.212919  72.892261    36.239    36.239  2 55124.24397938  8.515
 84  91.198346  72.894772    27.186    26.384  4 55159.24396390  8.923
 85  91.218949  72.891375    47.743    51.574  3 55194.24396934  3.948
 87  91.210769  72.893152    37.322    37.322  2 55264.24396464  2.625
 88  91.190598  72.892997    28.249    27.416  6 55299.24394942  5.759
 89  91.206148  72.895529    41.045    39.766  3 55334.24394182  5.538
 90  91.207175  72.895360    11.670    11.670  2 55369.24393311 17.281
 91  91.215872  72.892039    23.812    23.812  2 55404.24395018 12.966
 92  91.203652  72.894895    34.190    34.951  3 55439.24395150 24.720
 93  91.192419  72.895492    35.887    36.214  4 55474.24389823  8.453
